3176.535000   -0.994988   -0.820740   0.000000   0.000000
3176.549922   -0.994988   -0.821475   -0.000000   0.000000
3176.564845   -0.994988   -0.822211   -0.000000   0.000000
3176.579767   -0.994988   -0.822948   -0.000000   -0.000000
3176.594690   -0.994988   -0.823688   -0.000000   -0.000000
3176.609612   -0.994988   -0.824429   -0.000000   -0.000000
3176.624535   -0.994988   -0.825173   -0.000000   -0.000000
3176.639457   -0.994988   -0.825918   -0.000000   -0.000000
3176.654380   -0.994988   -0.826665   -0.000000   -0.000000
3176.669302   -0.994988   -0.827414   -0.000000   -0.000000
3176.684225   -0.994988   -0.828164   -0.000000   -0.000000
3176.699147   -0.994988   -0.828917   -0.000000   -0.000000
3176.714070   -0.994988   -0.829671   -0.000000   -0.000000
3176.728993   -0.994988   -0.830427   -0.000000   -0.000000
3176.743915   -0.994988   -0.831185   -0.000000   -0.000000
3176.758838   -0.994988   -0.831945   -0.000000   -0.000000
3176.773760   -0.994988   -0.832707   -0.000000   -0.000000
3176.788683   -0.994988   -0.833471   -0.000000   -0.000000
3176.803605   -0.994988   -0.834236   -0.000000   -0.000000
3176.818528   -0.994988   -0.835004   -0.000000   -0.000000
3176.833450   -0.994988   -0.835773   -0.000000   -0.000000
3176.848372   -0.994988   -0.836545   -0.000000   -0.000000
3176.863295   -0.994988   -0.837318   -0.000000   -0.000000
3176.878217   -0.994988   -0.838093   -0.000000   -0.000000
3176.893140   -0.994988   -0.838870   -0.000000   -0.000000
3176.908062   -0.994988   -0.839649   -0.000000   -0.000000
3176.922985   -0.994988   -0.840431   -0.000000   -0.000000
3176.937907   -0.994988   -0.841214   -0.000000   -0.000000
3176.952830   -0.994988   -0.841999   -0.000000   -0.000000
3176.967752   -0.994988   -0.842786   -0.000000   -0.000000
3176.982675   -0.994988   -0.843575   -0.000000   -0.000000
3176.997597   -0.994988   -0.844366   -0.000000   -0.000000
3177.012520   -0.994988   -0.845159   -0.000000   -0.000000
3177.027442   -0.994988   -0.845954   -0.000000   -0.000000
3177.042365   -0.994988   -0.846751   -0.000000   -0.000000
3177.057287   -0.994988   -0.847550   -0.000000   -0.000000
3177.072210   -0.994988   -0.848351   -0.000000   -0.000000
3177.087132   -0.994988   -0.849154   -0.000000   -0.000000
3177.102055   -0.994988   -0.849959   -0.000000   -0.000000
3177.116977   -0.994988   -0.850766   -0.000000   -0.000000
3177.131900   -0.994988   -0.851576   -0.000000   -0.000000
3177.146822   -0.994988   -0.852387   -0.000000   -0.000000
3177.161745   -0.994988   -0.853201   -0.000000   -0.000000
3177.176667   -0.994988   -0.854016   -0.000000   -0.000000
3177.191590   -0.994988   -0.854834   -0.000000   -0.000000
3177.206512   -0.994988   -0.855653   -0.000000   -0.000000
3177.221435   -0.994988   -0.856475   -0.000000   -0.000000
3177.236357   -0.994988   -0.857299   -0.000000   -0.000000
3177.251280   -0.994988   -0.858125   -0.000000   -0.000000
3177.266202   -0.994988   -0.858954   -0.000000   -0.000000
3177.281125   -0.994988   -0.859784   -0.000000   -0.000000
3177.296047   -0.994988   -0.860617   -0.000000   -0.000000
3177.310970   -0.994988   -0.861451   -0.000000   -0.000000
3177.325893   -0.994988   -0.862288   -0.000000   -0.000000
3177.340815   -0.994988   -0.863127   -0.000000   -0.000000
3177.355738   -0.994988   -0.863968   -0.000000   -0.000000
3177.370660   -0.994988   -0.864812   -0.000000   -0.000000
3177.385583   -0.994988   -0.865657   -0.000000   -0.000000
3177.400505   -0.994988   -0.866505   -0.000000   -0.000000
3177.415428   -0.994988   -0.867355   -0.000000   -0.000000
3177.430350   -0.994988   -0.868208   -0.000000   -0.000000
3177.445272   -0.994988   -0.869062   -0.000000   -0.000000
3177.460195   -0.994988   -0.869919   -0.000000   -0.000000
3177.475117   -0.994988   -0.870778   -0.000000   -0.000000
3177.490040   -0.994988   -0.871639   -0.000000   -0.000000
3177.504962   -0.994988   -0.872503   -0.000000   -0.000000
3177.519885   -0.994988   -0.873369   -0.000000   -0.000000
3177.534807   -0.994988   -0.874237   -0.000000   -0.000000
3177.549730   -0.994988   -0.875107   -0.000000   -0.000000
3177.564652   -0.994988   -0.875980   -0.000000   -0.000000
3177.579575   -0.994988   -0.876855   -0.000000   -0.000000
3177.594497   -0.994988   -0.877732   -0.000000   -0.000000
3177.609420   -0.994988   -0.878612   -0.000000   -0.000000
3177.624342   -0.994988   -0.879494   -0.000000   -0.000000
3177.639265   -0.994988   -0.880378   -0.000000   -0.000000
3177.654187   -0.994988   -0.881265   -0.000000   -0.000000
3177.669110   -0.994988   -0.882154   -0.000000   -0.000000
3177.684032   -0.994988   -0.883046   -0.000000   -0.000000
3177.698955   -0.994988   -0.883940   -0.000000   -0.000000
3177.713877   -0.994988   -0.884836   -0.000000   -0.000000
3177.728800   -0.994988   -0.885735   -0.000000   -0.000000
3177.743722   -0.994988   -0.886636   -0.000000   -0.000000
3177.758645   -0.994988   -0.887539   -0.000000   -0.000000
3177.773567   -0.994988   -0.888445   -0.000000   -0.000000
3177.788490   -0.994988   -0.889354   -0.000000   -0.000000
3177.803412   -0.994988   -0.890265   -0.000000   -0.000000
3177.818335   -0.994988   -0.891178   -0.000000   -0.000000
3177.833257   -0.994988   -0.892094   -0.000000   -0.000000
3177.848180   -0.994988   -0.893012   -0.000000   -0.000000
3177.863102   -0.994988   -0.893933   -0.000000   -0.000000
3177.878025   -0.994988   -0.894857   -0.000000   -0.000000
3177.892947   -0.994988   -0.895782   -0.000000   -0.000000
3177.907870   -0.994988   -0.896711   -0.000000   -0.000000
3177.922793   -0.994988   -0.897642   -0.000000   -0.000000
3177.937715   -0.994988   -0.898575   -0.000000   -0.000000
3177.952638   -0.994988   -0.899511   -0.000000   -0.000000
3177.967560   -0.994988   -0.900450   -0.000000   -0.000000
3177.982483   -0.994988   -0.901391   -0.000000   -0.000000
3177.997405   -0.994988   -0.902335   -0.000000   -0.000000
3178.012328   -0.994988   -0.903281   -0.000000   -0.000000
3178.027250   -0.994988   -0.904230   -0.000000   -0.000000
3178.042172   -0.994988   -0.905181   -0.000000   -0.000000
3178.057095   -0.994988   -0.906136   -0.000000   -0.000000
3178.072017   -0.994988   -0.907092   -0.000000   -0.000000
3178.086940   -0.994988   -0.908052   -0.000000   -0.000000
3178.101862   -0.994988   -0.909014   -0.000000   -0.000000
3178.116785   -0.994988   -0.909979   -0.000000   -0.000000
3178.131707   -0.994988   -0.910946   -0.000000   -0.000000
3178.146630   -0.994988   -0.911917   -0.000000   -0.000000
3178.161552   -0.994988   -0.912889   -0.000000   -0.000000
3178.176475   -0.994988   -0.913865   -0.000000   -0.000000
3178.191397   -0.994988   -0.914843   -0.000000   -0.000000
3178.206320   -0.994988   -0.915824   -0.000000   -0.000000
3178.221242   -0.994988   -0.916808   -0.000000   -0.000000
3178.236165   -0.994988   -0.917795   -0.000000   -0.000000
3178.251087   -0.994988   -0.918784   -0.000000   -0.000000
3178.266010   -0.994988   -0.919776   -0.000000   -0.000000
3178.280932   -0.994988   -0.920771   -0.000000   -0.000000
3178.295855   -0.994988   -0.921769   -0.000000   -0.000000
3178.310777   -0.994988   -0.922770   -0.000000   -0.000000
3178.325700   -0.994988   -0.923773   -0.000000   -0.000000
3178.340622   -0.994988   -0.924779   -0.000000   -0.000000
3178.355545   -0.994988   -0.925788   -0.000000   -0.000000
3178.370467   -0.994988   -0.926800   -0.000000   -0.000000
3178.385390   -0.994988   -0.927815   -0.000000   -0.000000
3178.400312   -0.994988   -0.928833   -0.000000   -0.000000
3178.415235   -0.994988   -0.929853   -0.000000   -0.000000
3178.430157   -0.994988   -0.930877   -0.000000   -0.000000
3178.445080   -0.994988   -0.931903   -0.000000   -0.000000
3178.460002   -0.994988   -0.932933   -0.000000   -0.000000
3178.474925   -0.994988   -0.933965   -0.000000   -0.000000
3178.489847   -0.994988   -0.935000   -0.000000   -0.000000
3178.504770   -0.994988   -0.936038   -0.000000   -0.000000
3178.519693   -0.994988   -0.937080   -0.000000   -0.000000
3178.534615   -0.994988   -0.938124   -0.000000   -0.000000
3178.549538   -0.994988   -0.939171   -0.000000   -0.000000
3178.564460   -0.994988   -0.940221   -0.000000   -0.000000
3178.579383   -0.994988   -0.941275   -0.000000   -0.000000
3178.594305   -0.994988   -0.942331   -0.000000   -0.000000
3178.609228   -0.994988   -0.943390   -0.000000   -0.000000
3178.624150   -0.994988   -0.944453   -0.000000   -0.000000
3178.639072   -0.994988   -0.945518   -0.000000   -0.000000
3178.653995   -0.994988   -0.946587   -0.000000   -0.000000
3178.668917   -0.994988   -0.947659   -0.000000   -0.000000
3178.683840   -0.994988   -0.948734   -0.000000   -0.000000
3178.698762   -0.994988   -0.949812   -0.000000   -0.000000
3178.713685   -0.994988   -0.950893   -0.000000   -0.000000
3178.728607   -0.994988   -0.951977   -0.000000   -0.000000
3178.743530   -0.994988   -0.953065   -0.000000   -0.000000
3178.758452   -0.994988   -0.954156   -0.000000   -0.000000
3178.773375   -0.994988   -0.955249   -0.000000   -0.000000
3178.788297   -0.994988   -0.956347   -0.000000   -0.000000
3178.803220   -0.994988   -0.957447   -0.000000   -0.000000
3178.818142   -0.994988   -0.958551   -0.000000   -0.000000
3178.833065   -0.994988   -0.959657   -0.000000   -0.000000
3178.847987   -0.994988   -0.960768   -0.000000   -0.000000
3178.862910   -0.994988   -0.961881   -0.000000   -0.000000
3178.877832   -0.994988   -0.962998   -0.000000   -0.000000
3178.892755   -0.994988   -0.964118   -0.000000   -0.000000
3178.907677   -0.994988   -0.965241   -0.000000   -0.000000
3178.922600   -0.994988   -0.966368   -0.000000   -0.000000
3178.937522   -0.994988   -0.967498   -0.000000   -0.000000
3178.952445   -0.994988   -0.968631   -0.000000   -0.000000
3178.967367   -0.994988   -0.969768   -0.000000   -0.000000
3178.982290   -0.994988   -0.970908   -0.000000   -0.000000
3178.997212   -0.994988   -0.972052   -0.000000   -0.000000
3179.012135   -0.994988   -0.973199   -0.000000   -0.000000
3179.027057   -0.994988   -0.974350   -0.000000   -0.000000
3179.041980   -0.994988   -0.975504   -0.000000   -0.000000
3179.056902   -0.994988   -0.976661   -0.000000   -0.000000
3179.071825   -0.994988   -0.977822   -0.000000   -0.000000
3179.086748   -0.994988   -0.978987   -0.000000   -0.000000
3179.101670   -0.994988   -0.980155   -0.000000   -0.000000
3179.116593   -0.994988   -0.981326   -0.000000   -0.000000
3179.131515   -0.994988   -0.982501   -0.000000   -0.000000
3179.146438   -0.994988   -0.983680   -0.000000   -0.000000
3179.161360   -0.994988   -0.984862   -0.000000   -0.000000
3179.176283   -0.994988   -0.986048   -0.000000   -0.000000
3179.191205   -0.994988   -0.987237   -0.000000   -0.000000
3179.206128   -0.994988   -0.988430   -0.000000   -0.000000
3179.221050   -0.994988   -0.989627   -0.000000   -0.000000
3179.235972   -0.994988   -0.990827   -0.000000   -0.000000
3179.250895   -0.994988   -0.992031   -0.000000   -0.000000
3179.265817   -0.994988   -0.993239   -0.000000   -0.000000
3179.280740   -0.994988   -0.994450   -0.000000   -0.000000
3179.295662   -0.994988   -0.995666   -0.000000   -0.000000
3179.310585   -0.994988   -0.996885   -0.000000   -0.000000
3179.325507   -0.994988   -0.998107   -0.000000   -0.000000
3179.340430   -0.994988   -0.999334   -0.000000   -0.000000
3179.355352   -0.994988   -1.000564   -0.000000   -0.000000
3179.370275   -0.994988   -1.001798   -0.000000   -0.000000
3179.385197   -0.994988   -1.003036   -0.000000   -0.000000
3179.400120   -0.994988   -1.004277   -0.000000   -0.000000
3179.415042   -0.994988   -1.005523   -0.000000   -0.000000
3179.429965   -0.994988   -1.006773   -0.000000   -0.000000
3179.444887   -0.994988   -1.008026   -0.000000   -0.000000
3179.459810   -0.994988   -1.009283   -0.000000   -0.000000
3179.474732   -0.994988   -1.010544   -0.000000   -0.000000
3179.489655   -0.994988   -1.011809   -0.000000   -0.000000
3179.504577   -0.994988   -1.013078   -0.000000   -0.000000
3179.519500   -0.994988   -1.014351   -0.000000   -0.000000
3179.534422   -0.994988   -1.015629   -0.000000   -0.000000
3179.549345   -0.994988   -1.016910   -0.000000   -0.000000
3179.564267   -0.994988   -1.018195   -0.000000   -0.000000
3179.579190   -0.994988   -1.019484   -0.000000   -0.000000
3179.594112   -0.994988   -1.020777   -0.000000   -0.000000
3179.609035   -0.994988   -1.022074   -0.000000   -0.000000
3179.623957   -0.994988   -1.023376   -0.000000   -0.000000
3179.638880   -0.994988   -1.024681   -0.000000   -0.000000
3179.653802   -0.994988   -1.025991   -0.000000   -0.000000
3179.668725   -0.994988   -1.027305   -0.000000   -0.000000
3179.683648   -0.994988   -1.028623   -0.000000   -0.000000
3179.698570   -0.994988   -1.029945   -0.000000   -0.000000
3179.713493   -0.994988   -1.031272   -0.000000   -0.000000
3179.728415   -0.994988   -1.032602   -0.000000   -0.000000
3179.743338   -0.994988   -1.033937   -0.000000   -0.000000
3179.758260   -0.994988   -1.035277   -0.000000   -0.000000
3179.773183   -0.994988   -1.036620   -0.000000   -0.000000
3179.788105   -0.994988   -1.037968   -0.000000   -0.000000
3179.803028   -0.994988   -1.039320   -0.000000   -0.000000
3179.817950   -0.994988   -1.040677   -0.000000   -0.000000
3179.832872   -0.994988   -1.042038   -0.000000   -0.000000
3179.847795   -0.994988   -1.043403   -0.000000   -0.000000
3179.862717   -0.994988   -1.044773   -0.000000   -0.000000
3179.877640   -0.994988   -1.046147   -0.000000   -0.000000
3179.892562   -0.994988   -1.047525   -0.000000   -0.000000
3179.907485   -0.994988   -1.048908   -0.000000   -0.000000
3179.922407   -0.994988   -1.050296   -0.000000   -0.000000
3179.937330   -0.994988   -1.051688   -0.000000   -0.000000
3179.952252   -0.994988   -1.053085   -0.000000   -0.000000
3179.967175   -0.994988   -1.054486   -0.000000   -0.000000
3179.982097   -0.994988   -1.055892   -0.000000   -0.000000
3179.997020   -0.994988   -1.057302   -0.000000   -0.000000
3180.011942   -0.994988   -1.058717   -0.000000   -0.000000
3180.026865   -0.994988   -1.060137   -0.000000   -0.000000
3180.041787   -0.994988   -1.061561   -0.000000   -0.000000
3180.056710   -0.994988   -1.062990   -0.000000   -0.000000
3180.071632   -0.994988   -1.064423   -0.000000   -0.000000
3180.086555   -0.994988   -1.065862   -0.000000   -0.000000
3180.101477   -0.994988   -1.067305   -0.000000   -0.000000
3180.116400   -0.994988   -1.068753   -0.000000   -0.000000
3180.131322   -0.994988   -1.070206   -0.000000   -0.000000
3180.146245   -0.994988   -1.071663   -0.000000   -0.000000
3180.161167   -0.994988   -1.073126   -0.000000   -0.000000
3180.176090   -0.994988   -1.074593   -0.000000   -0.000000
3180.191012   -0.994988   -1.076065   -0.000000   -0.000000
3180.205935   -0.994988   -1.077542   -0.000000   -0.000000
3180.220857   -0.994988   -1.079024   -0.000000   -0.000000
3180.235780   -0.994988   -1.080511   -0.000000   -0.000000
3180.250702   -0.994988   -1.082003   -0.000000   -0.000000
3180.265625   -0.994988   -1.083500   -0.000000   -0.000000
3180.280548   -0.994988   -1.085002   -0.000000   -0.000000
3180.295470   -0.994988   -1.086509   -0.000000   -0.000000
3180.310393   -0.994988   -1.088021   -0.000000   -0.000000
3180.325315   -0.994988   -1.089538   -0.000000   -0.000000
3180.340238   -0.994988   -1.091060   -0.000000   -0.000000
3180.355160   -0.994988   -1.092587   -0.000000   -0.000000
3180.370083   -0.994988   -1.094120   -0.000000   -0.000000
3180.385005   -0.994988   -1.095658   -0.000000   -0.000000
3180.399928   -0.994988   -1.097201   -0.000000   -0.000000
3180.414850   -0.994988   -1.098749   -0.000000   -0.000000
3180.429772   -0.994988   -1.100302   -0.000000   -0.000000
3180.444695   -0.994988   -1.101861   -0.000000   -0.000000
3180.459617   -0.994988   -1.103425   -0.000000   -0.000000
3180.474540   -0.994988   -1.104995   -0.000000   -0.000000
3180.489462   -0.994988   -1.106570   -0.000000   -0.000000
3180.504385   -0.994988   -1.108150   -0.000000   -0.000000
3180.519307   -0.994988   -1.109735   -0.000000   -0.000000
3180.534230   -0.994988   -1.111326   -0.000000   -0.000000
3180.549152   -0.994988   -1.112923   -0.000000   -0.000000
3180.564075   -0.994988   -1.114525   -0.000000   -0.000000
3180.578997   -0.994988   -1.116132   -0.000000   -0.000000
3180.593920   -0.994988   -1.117746   -0.000000   -0.000000
3180.608842   -0.994988   -1.119364   -0.000000   -0.000000
3180.623765   -0.994988   -1.120988   -0.000000   -0.000000
3180.638687   -0.994988   -1.122618   -0.000000   -0.000000
3180.653610   -0.994988   -1.124254   -0.000000   -0.000000
3180.668532   -0.994988   -1.125895   -0.000000   -0.000000
3180.683455   -0.994988   -1.127542   -0.000000   -0.000000
3180.698377   -0.994988   -1.129195   -0.000000   -0.000000
3180.713300   -0.994988   -1.130853   -0.000000   -0.000000
3180.728222   -0.994988   -1.132517   -0.000000   -0.000000
3180.743145   -0.994988   -1.134187   -0.000000   -0.000000
3180.758067   -0.994988   -1.135863   -0.000000   -0.000000
3180.772990   -0.994988   -1.137545   -0.000000   -0.000000
3180.787912   -0.994988   -1.139233   -0.000000   -0.000000
3180.802835   -0.994988   -1.140926   -0.000000   -0.000000
3180.817757   -0.994988   -1.142626   -0.000000   -0.000000
3180.832680   -0.994988   -1.144332   -0.000000   -0.000000
3180.847602   -0.994988   -1.146043   -0.000000   -0.000000
3180.862525   -0.994988   -1.147761   -0.000000   -0.000000
3180.877448   -0.994988   -1.149484   -0.000000   -0.000000
3180.892370   -0.994988   -1.151214   -0.000000   -0.000000
3180.907293   -0.994988   -1.152950   -0.000000   -0.000000
3180.922215   -0.994988   -1.154692   -0.000000   -0.000000
3180.937138   -0.994988   -1.156441   -0.000000   -0.000000
3180.952060   -0.994988   -1.158195   -0.000000   -0.000000
3180.966983   -0.994988   -1.159956   -0.000000   -0.000000
3180.981905   -0.994988   -1.161723   -0.000000   -0.000000
3180.996828   -0.994988   -1.163497   -0.000000   -0.000000
3181.011750   -0.994988   -1.165277   -0.000000   -0.000000
3181.026672   -0.994988   -1.167063   -0.000000   -0.000000
3181.041595   -0.994988   -1.168855   -0.000000   -0.000000
3181.056517   -0.994988   -1.170654   -0.000000   -0.000000
3181.071440   -0.994988   -1.172460   -0.000000   -0.000000
3181.086362   -0.994988   -1.174272   -0.000000   -0.000000
3181.101285   -0.994988   -1.176091   -0.000000   -0.000000
3181.116207   -0.994988   -1.177916   -0.000000   -0.000000
3181.131130   -0.994988   -1.179747   -0.000000   -0.000000
3181.146052   -0.994988   -1.181586   -0.000000   -0.000000
3181.160975   -0.994988   -1.183431   -0.000000   -0.000000
3181.175897   -0.994988   -1.185283   -0.000000   -0.000000
3181.190820   -0.994988   -1.187141   -0.000000   -0.000000
3181.205742   -0.994988   -1.189007   -0.000000   -0.000000
3181.220665   -0.994988   -1.190879   -0.000000   -0.000000
3181.235587   -0.994988   -1.192758   -0.000000   -0.000000
3181.250510   -0.994988   -1.194644   -0.000000   -0.000000
3181.265432   -0.994988   -1.196536   -0.000000   -0.000000
3181.280355   -0.994988   -1.198436   -0.000000   -0.000000
3181.295277   -0.994988   -1.200343   -0.000000   -0.000000
3181.310200   -0.994988   -1.202256   -0.000000   -0.000000
3181.325122   -0.994988   -1.204177   -0.000000   -0.000000
3181.340045   -0.994988   -1.206105   -0.000000   -0.000000
3181.354967   -0.994988   -1.208040   -0.000000   -0.000000
3181.369890   -0.994988   -1.209982   -0.000000   -0.000000
3181.384812   -0.994988   -1.211931   -0.000000   -0.000000
3181.399735   -0.994988   -1.213888   -0.000000   -0.000000
3181.414657   -0.994988   -1.215852   -0.000000   -0.000000
3181.429580   -0.994988   -1.217823   -0.000000   -0.000000
3181.444502   -0.994988   -1.219801   -0.000000   -0.000000
3181.459425   -0.994988   -1.221787   -0.000000   -0.000000
3181.474348   -0.994988   -1.223780   -0.000000   -0.000000
3181.489270   -0.994988   -1.225781   -0.000000   -0.000000
3181.504193   -0.994988   -1.227789   -0.000000   -0.000000
3181.519115   -0.994988   -1.229805   -0.000000   -0.000000
3181.534038   -0.994988   -1.231828   -0.000000   -0.000000
3181.548960   -0.994988   -1.233859   -0.000000   -0.000000
3181.563883   -0.994988   -1.235897   -0.000000   -0.000000
3181.578805   -0.994988   -1.237943   -0.000000   -0.000000
3181.593728   -0.994988   -1.239997   -0.000000   -0.000000
3181.608650   -0.994988   -1.242059   -0.000000   -0.000000
3181.623572   -0.994988   -1.244128   -0.000000   -0.000000
3181.638495   -0.994988   -1.246206   -0.000000   -0.000000
3181.653417   -0.994988   -1.248291   -0.000000   -0.000000
3181.668340   -0.994988   -1.250384   -0.000000   -0.000000
3181.683262   -0.994988   -1.252485   -0.000000   -0.000000
3181.698185   -0.994988   -1.254594   -0.000000   -0.000000
3181.713107   -0.994988   -1.256711   -0.000000   -0.000000
3181.728030   -0.994988   -1.258836   -0.000000   -0.000000
3181.742952   -0.994988   -1.260969   -0.000000   -0.000000
3181.757875   -0.994988   -1.263111   -0.000000   -0.000000
3181.772797   -0.994988   -1.265261   -0.000000   -0.000000
3181.787720   -0.994988   -1.267418   -0.000000   -0.000000
3181.802642   -0.994988   -1.269585   -0.000000   -0.000000
3181.817565   -0.994988   -1.271759   -0.000000   -0.000000
3181.832487   -0.994988   -1.273942   -0.000000   -0.000000
3181.847410   -0.994988   -1.276133   -0.000000   -0.000000
3181.862332   -0.994988   -1.278333   -0.000000   -0.000000
3181.877255   -0.994988   -1.280542   -0.000000   -0.000000
3181.892177   -0.994988   -1.282758   -0.000000   -0.000000
3181.907100   -0.994988   -1.284984   -0.000000   -0.000000
3181.922022   -0.994988   -1.287218   -0.000000   -0.000000
3181.936945   -0.994988   -1.289461   -0.000000   -0.000000
3181.951867   -0.994988   -1.291712   -0.000000   -0.000000
3181.966790   -0.994988   -1.293973   -0.000000   -0.000000
3181.981712   -0.994988   -1.296242   -0.000000   -0.000000
3181.996635   -0.994988   -1.298520   -0.000000   -0.000000
3182.011557   -0.994988   -1.300807   -0.000000   -0.000000
3182.026480   -0.994988   -1.303102   -0.000000   -0.000000
3182.041403   -0.994988   -1.305407   -0.000000   -0.000000
3182.056325   -0.994988   -1.307721   -0.000000   -0.000000
3182.071248   -0.994988   -1.310044   -0.000000   -0.000000
3182.086170   -0.994988   -1.312376   -0.000000   -0.000000
3182.101093   -0.994988   -1.314718   -0.000000   -0.000000
3182.116015   -0.994988   -1.317068   -0.000000   -0.000000
3182.130938   -0.994988   -1.319428   -0.000000   -0.000000
3182.145860   -0.994988   -1.321798   -0.000000   -0.000000
3182.160783   -0.994988   -1.324176   -0.000000   -0.000000
3182.175705   -0.994988   -1.326564   -0.000000   -0.000000
3182.190628   -0.994988   -1.328962   -0.000000   -0.000000
3182.205550   -0.994988   -1.331369   -0.000000   -0.000000
3182.220472   -0.994988   -1.333786   -0.000000   -0.000000
3182.235395   -0.994988   -1.336212   -0.000000   -0.000000
3182.250317   -0.994988   -1.338648   -0.000000   -0.000000
3182.265240   -0.994988   -1.341094   -0.000000   -0.000000
3182.280162   -0.994988   -1.343549   -0.000000   -0.000000
3182.295085   -0.994988   -1.346015   -0.000000   -0.000000
3182.310007   -0.994988   -1.348490   -0.000000   -0.000000
3182.324930   -0.994988   -1.350976   -0.000000   -0.000000
3182.339852   -0.994988   -1.353471   -0.000000   -0.000000
3182.354775   -0.994988   -1.355976   -0.000000   -0.000000
3182.369697   -0.994988   -1.358492   -0.000000   -0.000000
3182.384620   -0.994988   -1.361017   -0.000000   -0.000000
3182.399542   -0.994988   -1.363553   -0.000000   -0.000000
3182.414465   -0.994988   -1.366099   -0.000000   -0.000000
3182.429387   -0.994988   -1.368656   -0.000000   -0.000000
3182.444310   -0.994988   -1.371223   -0.000000   -0.000000
3182.459232   -0.994988   -1.373800   -0.000000   -0.000000
3182.474155   -0.994988   -1.376388   -0.000000   -0.000000
3182.489077   -0.994988   -1.378986   -0.000000   -0.000000
3182.504000   -0.994988   -1.381595   -0.000000   -0.000000
3182.518922   -0.994988   -1.384214   -0.000000   -0.000000
3182.533845   -0.994988   -1.386845   -0.000000   -0.000000
3182.548767   -0.994988   -1.389486   -0.000000   -0.000000
3182.563690   -0.994988   -1.392138   -0.000000   -0.000000
3182.578612   -0.994988   -1.394801   -0.000000   -0.000000
3182.593535   -0.994988   -1.397474   -0.000000   -0.000000
3182.608457   -0.994988   -1.400159   -0.000000   -0.000000
3182.623380   -0.994988   -1.402855   -0.000000   -0.000000
3182.638303   -0.994988   -1.405562   -0.000000   -0.000000
3182.653225   -0.994988   -1.408280   -0.000000   -0.000000
3182.668148   -0.994988   -1.411010   -0.000000   -0.000000
3182.683070   -0.994988   -1.413750   -0.000000   -0.000000
3182.697993   -0.994988   -1.416502   -0.000000   -0.000000
3182.712915   -0.994988   -1.419266   -0.000000   -0.000000
3182.727838   -0.994988   -1.422041   -0.000000   -0.000000
3182.742760   -0.994988   -1.424828   -0.000000   -0.000000
3182.757683   -0.994988   -1.427626   -0.000000   -0.000000
3182.772605   -0.994988   -1.430436   -0.000000   -0.000000
3182.787528   -0.994988   -1.433257   -0.000000   -0.000000
3182.802450   -0.994988   -1.436091   -0.000000   -0.000000
3182.817372   -0.994988   -1.438936   -0.000000   -0.000000
3182.832295   -0.994988   -1.441793   -0.000000   -0.000000
3182.847217   -0.994988   -1.444663   -0.000000   -0.000000
3182.862140   -0.994988   -1.447544   -0.000000   -0.000000
3182.877062   -0.994988   -1.450438   -0.000000   -0.000000
3182.891985   -0.994988   -1.453343   -0.000000   -0.000000
3182.906907   -0.994988   -1.456261   -0.000000   -0.000000
3182.921830   -0.994988   -1.459191   -0.000000   -0.000000
3182.936752   -0.994988   -1.462134   -0.000000   -0.000000
3182.951675   -0.994988   -1.465089   -0.000000   -0.000000
3182.966597   -0.994988   -1.468057   -0.000000   -0.000000
3182.981520   -0.994988   -1.471037   -0.000000   -0.000000
3182.996442   -0.994988   -1.474030   -0.000000   -0.000000
3183.011365   -0.994988   -1.477036   -0.000000   -0.000000
3183.026287   -0.994988   -1.480054   -0.000000   -0.000000
3183.041210   -0.994988   -1.483086   -0.000000   -0.000000
3183.056132   -0.994988   -1.486130   -0.000000   -0.000000
3183.071055   -0.994988   -1.489188   -0.000000   -0.000000
3183.085977   -0.994988   -1.492258   -0.000000   -0.000000
3183.100900   -0.994988   -1.495342   -0.000000   -0.000000
3183.115822   -0.994988   -1.498439   -0.000000   -0.000000
3183.130745   -0.994988   -1.501549   -0.000000   -0.000000
3183.145667   -0.994988   -1.504672   -0.000000   -0.000000
3183.160590   -0.994988   -1.507810   -0.000000   -0.000000
3183.175512   -0.994988   -1.510960   -0.000000   -0.000000
3183.190435   -0.994988   -1.514124   -0.000000   -0.000000
3183.205357   -0.994988   -1.517302   -0.000000   -0.000000
3183.220280   -0.994988   -1.520494   -0.000000   -0.000000
3183.235203   -0.994988   -1.523699   -0.000000   -0.000000
3183.250125   -0.994988   -1.526919   -0.000000   -0.000000
3183.265048   -0.994988   -1.530152   -0.000000   -0.000000
3183.279970   -0.994988   -1.533400   -0.000000   -0.000000
3183.294893   -0.994988   -1.536661   -0.000000   -0.000000
3183.309815   -0.994988   -1.539937   -0.000000   -0.000000
3183.324738   -0.994988   -1.543227   -0.000000   -0.000000
3183.339660   -0.994988   -1.546532   -0.000000   -0.000000
3183.354583   -0.994988   -1.549850   -0.000000   -0.000000
3183.369505   -0.994988   -1.553184   -0.000000   -0.000000
3183.384428   -0.994988   -1.556532   -0.000000   -0.000000
3183.399350   -0.994988   -1.559895   -0.000000   -0.000000
3183.414272   -0.994988   -1.563272   -0.000000   -0.000000
3183.429195   -0.994988   -1.566665   -0.000000   -0.000000
3183.444117   -0.994988   -1.570072   -0.000000   -0.000000
3183.459040   -0.994988   -1.573495   -0.000000   -0.000000
3183.473962   -0.994988   -1.576932   -0.000000   -0.000000
3183.488885   -0.994988   -1.580385   -0.000000   -0.000000
3183.503807   -0.994988   -1.583853   -0.000000   -0.000000
3183.518730   -0.994988   -1.587337   -0.000000   -0.000000
3183.533652   -0.994988   -1.590835   -0.000000   -0.000000
3183.548575   -0.994988   -1.594350   -0.000000   -0.000000
3183.563497   -0.994988   -1.597880   -0.000000   -0.000000
3183.578420   -0.994988   -1.601426   -0.000000   -0.000000
3183.593342   -0.994988   -1.604987   -0.000000   -0.000000
3183.608265   -0.994988   -1.608565   -0.000000   -0.000000
3183.623187   -0.994988   -1.612158   -0.000000   -0.000000
3183.638110   -0.994988   -1.615768   -0.000000   -0.000000
3183.653032   -0.994988   -1.619393   -0.000000   -0.000000
3183.667955   -0.994988   -1.623035   -0.000000   -0.000000
3183.682877   -0.994988   -1.626693   -0.000000   -0.000000
3183.697800   -0.994988   -1.630368   -0.000000   -0.000000
3183.712722   -0.994988   -1.634059   -0.000000   -0.000000
3183.727645   -0.994988   -1.637767   -0.000000   -0.000000
3183.742567   -0.994988   -1.641492   -0.000000   -0.000000
3183.757490   -0.994988   -1.645233   -0.000000   -0.000000
3183.772412   -0.994988   -1.648991   -0.000000   -0.000000
3183.787335   -0.994988   -1.652766   -0.000000   -0.000000
3183.802257   -0.994988   -1.656559   -0.000000   -0.000000
3183.817180   -0.994988   -1.660368   -0.000000   -0.000000
3183.832103   -0.994988   -1.664195   -0.000000   -0.000000
3183.847025   -0.994988   -1.668039   -0.000000   -0.000000
3183.861948   -0.994988   -1.671901   -0.000000   -0.000000
3183.876870   -0.994988   -1.675780   -0.000000   -0.000000
3183.891793   -0.994988   -1.679677   -0.000000   -0.000000
3183.906715   -0.994988   -1.683591   -0.000000   -0.000000
3183.921638   -0.994988   -1.687524   -0.000000   -0.000000
3183.936560   -0.994988   -1.691474   -0.000000   -0.000000
3183.951483   -0.994988   -1.695443   -0.000000   -0.000000
3183.966405   -0.994988   -1.699430   -0.000000   -0.000000
3183.981328   -0.994988   -1.703435   -0.000000   -0.000000
3183.996250   -0.994988   -1.707458   -0.000000   -0.000000
3184.011172   -0.994988   -1.711500   -0.000000   -0.000000
3184.026095   -0.994988   -1.715561   -0.000000   -0.000000
3184.041017   -0.994988   -1.719640   -0.000000   -0.000000
3184.055940   -0.994988   -1.723738   -0.000000   -0.000000
3184.070862   -0.994988   -1.727855   -0.000000   -0.000000
3184.085785   -0.994988   -1.731991   -0.000000   -0.000000
3184.100707   -0.994988   -1.736146   -0.000000   -0.000000
3184.115630   -0.994988   -1.740320   -0.000000   -0.000000
3184.130552   -0.994988   -1.744514   -0.000000   -0.000000
3184.145475   -0.994988   -1.748727   -0.000000   -0.000000
3184.160397   -0.994988   -1.752960   -0.000000   -0.000000
3184.175320   -0.994988   -1.757212   -0.000000   -0.000000
3184.190242   -0.994988   -1.761484   -0.000000   -0.000000
3184.205165   -0.994988   -1.765776   -0.000000   -0.000000
3184.220087   -0.994988   -1.770088   -0.000000   -0.000000
3184.235010   -0.994988   -1.774420   -0.000000   -0.000000
3184.249932   -0.994988   -1.778773   -0.000000   -0.000000
3184.264855   -0.994988   -1.783145   -0.000000   -0.000000
3184.279777   -0.994988   -1.787539   -0.000000   -0.000000
3184.294700   -0.994988   -1.791952   -0.000000   -0.000000
3184.309622   -0.994988   -1.796387   -0.000000   -0.000000
3184.324545   -0.994988   -1.800842   -0.000000   -0.000000
3184.339467   -0.994988   -1.805318   -0.000000   -0.000000
3184.354390   -0.994988   -1.809816   -0.000000   -0.000000
3184.369312   -0.994988   -1.814334   -0.000000   -0.000000
3184.384235   -0.994988   -1.818874   -0.000000   -0.000000
3184.399158   -0.994988   -1.823435   -0.000000   -0.000000
3184.414080   -0.994988   -1.828018   -0.000000   -0.000000
3184.429003   -0.994988   -1.832622   -0.000000   -0.000000
3184.443925   -0.994988   -1.837248   -0.000000   -0.000000
3184.458848   -0.994988   -1.841896   -0.000000   -0.000000
3184.473770   -0.994988   -1.846567   -0.000000   -0.000000
3184.488693   -0.994988   -1.851259   -0.000000   -0.000000
3184.503615   -0.994988   -1.855973   -0.000000   -0.000000
3184.518538   -0.994988   -1.860710   -0.000000   -0.000000
3184.533460   -0.994988   -1.865470   -0.000000   -0.000000
3184.548383   -0.994988   -1.870252   -0.000000   -0.000000
3184.563305   -0.994988   -1.875057   -0.000000   -0.000000
3184.578228   -0.994988   -1.879885   -0.000000   -0.000000
3184.593150   -0.994988   -1.884736   -0.000000   -0.000000
3184.608072   -0.994988   -1.889610   -0.000000   -0.000000
3184.622995   -0.994988   -1.894508   -0.000000   -0.000000
3184.637917   -0.994988   -1.899429   -0.000000   -0.000000
3184.652840   -0.994988   -1.904373   -0.000000   -0.000000
3184.667762   -0.994988   -1.909341   -0.000000   -0.000000
3184.682685   -0.994988   -1.914334   -0.000000   -0.000000
3184.697607   -0.994988   -1.919350   -0.000000   -0.000000
3184.712530   -0.994988   -1.924390   -0.000000   -0.000000
3184.727452   -0.994988   -1.929455   -0.000000   -0.000000
3184.742375   -0.994988   -1.934543   -0.000000   -0.000000
3184.757297   -0.994988   -1.939657   -0.000000   -0.000000
3184.772220   -0.994988   -1.944795   -0.000000   -0.000000
3184.787142   -0.994988   -1.949958   -0.000000   -0.000000
3184.802065   -0.994988   -1.955146   -0.000000   0.000000
3184.816987   -0.994988   -1.960359   -0.000000   0.000000
3184.831910   -0.994988   -1.965598   -0.000000   0.000000
3184.846832   -0.994988   -1.970861   -0.000000   0.000000
3184.861755   -0.994988   -1.976151   -0.000000   0.000000
3184.876677   -0.994988   -1.981466   -0.000000   0.000000
3184.891600   -0.994988   -1.986806   -0.000000   0.000000
3184.906522   -0.994988   -1.992173   -0.000000   0.000000
3184.921445   -0.994988   -1.997566   -0.000000   0.000000
3184.936367   -0.994988   -2.002985   -0.000000   0.000000
3184.951290   -0.994988   -2.008431   -0.000000   0.000000
3184.966212   -0.994988   -2.013903   -0.000000   0.000000
3184.981135   -0.994988   -2.019402   -0.000000   0.000000
3184.996058   -0.994988   -2.024928   -0.000000   0.000000
3185.010980   -0.994988   -2.030481   -0.000000   0.000000
3185.025903   -0.994988   -2.036061   -0.000000   0.000000
3185.040825   -0.994988   -2.041669   -0.000000   0.000000
3185.055748   -0.994988   -2.047304   -0.000000   0.000000
3185.070670   -0.994988   -2.052967   -0.000000   0.000000
3185.085593   -0.994988   -2.058657   -0.000000   0.000000
3185.100515   -0.994988   -2.064376   -0.000000   0.000000
3185.115438   -0.994988   -2.070122   -0.000000   0.000000
3185.130360   -0.994988   -2.075897   -0.000000   0.000000
3185.145283   -0.994988   -2.081701   -0.000000   0.000000
3185.160205   -0.994988   -2.087533   -0.000000   0.000000
3185.175128   -0.994988   -2.093393   -0.000000   0.000000
3185.190050   -0.994988   -2.099283   -0.000000   0.000000
3185.204972   -0.994988   -2.105202   -0.000000   0.000000
3185.219895   -0.994988   -2.111150   -0.000000   0.000000
3185.234817   -0.994988   -2.117128   -0.000000   0.000000
3185.249740   -0.994988   -2.123135   -0.000000   0.000000
3185.264662   -0.994988   -2.129172   -0.000000   0.000000
3185.279585   -0.994988   -2.135239   -0.000000   0.000000
3185.294507   -0.994988   -2.141336   -0.000000   0.000000
3185.309430   -0.994988   -2.147464   -0.000000   0.000000
3185.324352   -0.994988   -2.153622   -0.000000   0.000000
3185.339275   -0.994988   -2.159810   -0.000000   0.000000
3185.354197   -0.994988   -2.166030   -0.000000   0.000000
3185.369120   -0.994988   -2.172280   -0.000000   0.000000
3185.384042   -0.994988   -2.178562   -0.000000   0.000000
3185.398965   -0.994988   -2.184875   -0.000000   0.000000
3185.413887   -0.994988   -2.191219   -0.000000   0.000000
3185.428810   -0.994988   -2.197596   -0.000000   0.000000
3185.443732   -0.994988   -2.204004   -0.000000   0.000000
3185.458655   -0.994988   -2.210444   -0.000000   0.000000
3185.473577   -0.994988   -2.216916   -0.000000   0.000000
3185.488500   -0.994988   -2.223421   -0.000000   0.000000
3185.503422   -0.994988   -2.229959   -0.000000   0.000000
3185.518345   -0.994988   -2.236529   -0.000000   0.000000
3185.533267   -0.994988   -2.243132   -0.000000   0.000000
3185.548190   -0.994988   -2.249769   -0.000000   0.000000
3185.563112   -0.994988   -2.256439   -0.000000   0.000000
3185.578035   -0.994988   -2.263142   -0.000000   0.000000
3185.592958   -0.994988   -2.269879   -0.000000   0.000000
3185.607880   -0.994988   -2.276650   -0.000000   0.000000
3185.622803   -0.994988   -2.283456   -0.000000   0.000000
3185.637725   -0.994988   -2.290295   -0.000000   0.000000
3185.652648   -0.994988   -2.297170   -0.000000   0.000000
3185.667570   -0.994988   -2.304078   -0.000000   0.000000
3185.682493   -0.994988   -2.311022   -0.000000   0.000000
3185.697415   -0.994988   -2.318001   -0.000000   0.000000
3185.712338   -0.994988   -2.325015   -0.000000   0.000000
3185.727260   -0.994988   -2.332065   -0.000000   0.000000
3185.742183   -0.994988   -2.339151   -0.000000   0.000000
3185.757105   -0.994988   -2.346272   -0.000000   0.000000
3185.772028   -0.994988   -2.353430   -0.000000   0.000000
3185.786950   -0.994988   -2.360623   -0.000000   0.000000
3185.801872   -0.994988   -2.367854   -0.000000   0.000000
3185.816795   -0.994988   -2.375121   -0.000000   0.000000
3185.831717   -0.994988   -2.382425   -0.000000   0.000000
3185.846640   -0.994988   -2.389766   -0.000000   0.000000
3185.861562   -0.994988   -2.397145   -0.000000   0.000000
3185.876485   -0.994988   -2.404561   -0.000000   0.000000
3185.891407   -0.994988   -2.412015   -0.000000   0.000000
3185.906330   -0.994988   -2.419507   -0.000000   0.000000
3185.921252   -0.994988   -2.427037   -0.000000   0.000000
3185.936175   -0.994988   -2.434606   -0.000000   0.000000
3185.951097   -0.994988   -2.442213   -0.000000   0.000000
3185.966020   -0.994988   -2.449859   -0.000000   0.000000
3185.980942   -0.994988   -2.457545   -0.000000   0.000000
3185.995865   -0.994988   -2.465269   -0.000000   0.000000
3186.010787   -0.994988   -2.473033   -0.000000   0.000000
3186.025710   -0.994988   -2.480837   -0.000000   0.000000
3186.040632   -0.994988   -2.488681   -0.000000   0.000000
3186.055555   -0.994988   -2.496565   -0.000000   0.000000
3186.070477   -0.994988   -2.504490   -0.000000   0.000000
3186.085400   -0.994988   -2.512455   -0.000000   0.000000
3186.100322   -0.994988   -2.520461   -0.000000   0.000000
3186.115245   -0.994988   -2.528508   -0.000000   0.000000
3186.130167   -0.994988   -2.536596   -0.000000   0.000000
3186.145090   -0.994988   -2.544726   -0.000000   0.000000
3186.160012   -0.994988   -2.552898   -0.000000   0.000000
3186.174935   -0.994988   -2.561112   -0.000000   0.000000
3186.189858   -0.994988   -2.569368   -0.000000   0.000000
3186.204780   -0.994988   -2.577666   -0.000000   0.000000
3186.219703   -0.994988   -2.586008   -0.000000   0.000000
3186.234625   -0.994988   -2.594392   -0.000000   0.000000
3186.249548   -0.994988   -2.602820   -0.000000   0.000000
3186.264470   -0.994988   -2.611291   -0.000000   0.000000
3186.279393   -0.994988   -2.619806   -0.000000   0.000000
3186.294315   -0.994988   -2.628364   -0.000000   0.000000
3186.309238   -0.994988   -2.636967   -0.000000   0.000000
3186.324160   -0.994988   -2.645615   -0.000000   0.000000
3186.339083   -0.994988   -2.654307   -0.000000   0.000000
3186.354005   -0.994988   -2.663044   -0.000000   0.000000
3186.368928   -0.994988   -2.671826   -0.000000   0.000000
3186.383850   -0.994988   -2.680653   -0.000000   0.000000
3186.398772   -0.994988   -2.689527   -0.000000   0.000000
3186.413695   -0.994988   -2.698446   -0.000000   0.000000
3186.428617   -0.994988   -2.707411   -0.000000   0.000000
3186.443540   -0.994988   -2.716423   -0.000000   0.000000
3186.458462   -0.994988   -2.725482   -0.000000   0.000000
3186.473385   -0.994988   -2.734588   -0.000000   0.000000
3186.488307   -0.994988   -2.743741   -0.000000   0.000000
3186.503230   -0.994988   -2.752941   -0.000000   0.000000
3186.518152   -0.994988   -2.762189   -0.000000   0.000000
3186.533075   -0.994988   -2.771485   -0.000000   0.000000
3186.547997   -0.994988   -2.780830   -0.000000   0.000000
3186.562920   -0.994988   -2.790223   -0.000000   0.000000
3186.577842   -0.994988   -2.799664   -0.000000   0.000000
3186.592765   -0.994988   -2.809155   -0.000000   0.000000
3186.607687   -0.994988   -2.818695   -0.000000   0.000000
3186.622610   -0.994988   -2.828285   -0.000000   0.000000
3186.637532   -0.994988   -2.837925   -0.000000   0.000000
3186.652455   -0.994988   -2.847615   -0.000000   0.000000
3186.667377   -0.994988   -2.857356   -0.000000   0.000000
3186.682300   -0.994988   -2.867147   -0.000000   0.000000
3186.697222   -0.994988   -2.876989   -0.000000   0.000000
3186.712145   -0.994988   -2.886882   -0.000000   0.000000
3186.727067   -0.994988   -2.896827   -0.000000   0.000000
3186.741990   -0.994988   -2.906824   -0.000000   0.000000
3186.756912   -0.994988   -2.916873   -0.000000   0.000000
3186.771835   -0.994988   -2.926975   -0.000000   0.000000
3186.786758   -0.994988   -2.937129   -0.000000   0.000000
3186.801680   -0.994988   -2.947336   -0.000000   0.000000
3186.816603   -0.994988   -2.957597   -0.000000   0.000000
3186.831525   -0.994988   -2.967911   -0.000000   0.000000
3186.846448   -0.994988   -2.978278   -0.000000   0.000000
3186.861370   -0.994988   -2.988700   -0.000000   0.000000
3186.876293   -0.994988   -2.999177   -0.000000   0.000000
3186.891215   -0.994988   -3.009708   -0.000000   0.000000
3186.906138   -0.994988   -3.020295   -0.000000   0.000000
3186.921060   -0.994988   -3.030936   -0.000000   0.000000
3186.935983   -0.994988   -3.041633   -0.000000   0.000000
3186.950905   -0.994988   -3.052387   -0.000000   0.000000
3186.965828   -0.994988   -3.063196   -0.000000   0.000000
3186.980750   -0.994988   -3.074062   -0.000000   0.000000
3186.995672   -0.994988   -3.084985   -0.000000   0.000000
3187.010595   -0.994988   -3.095965   -0.000000   0.000000
3187.025517   -0.994988   -3.107003   -0.000000   0.000000
3187.040440   -0.994988   -3.118098   -0.000000   0.000000
3187.055362   -0.994988   -3.129252   -0.000000   0.000000
3187.070285   -0.994988   -3.140464   -0.000000   0.000000
3187.085207   -0.994988   -3.151734   -0.000000   0.000000
3187.100130   -0.994988   -3.163064   -0.000000   0.000000
3187.115052   -0.994988   -3.174453   -0.000000   0.000000
3187.129975   -0.994988   -3.185902   -0.000000   0.000000
3187.144897   -0.994988   -3.197410   -0.000000   0.000000
3187.159820   -0.994988   -3.208979   -0.000000   0.000000
3187.174742   -0.994988   -3.220609   -0.000000   0.000000
3187.189665   -0.994988   -3.232300   -0.000000   0.000000
3187.204587   -0.994988   -3.244052   -0.000000   0.000000
3187.219510   -0.994988   -3.255865   -0.000000   0.000000
3187.234432   -0.994988   -3.267741   -0.000000   0.000000
3187.249355   -0.994988   -3.279678   -0.000000   0.000000
3187.264277   -0.994988   -3.291679   -0.000000   0.000000
3187.279200   -0.994988   -3.303742   -0.000000   0.000000
3187.294122   -0.994988   -3.315869   -0.000000   0.000000
3187.309045   -0.994988   -3.328059   -0.000000   0.000000
3187.323967   -0.994988   -3.340313   -0.000000   0.000000
3187.338890   -0.994988   -3.352632   -0.000000   0.000000
3187.353813   -0.994988   -3.365015   -0.000000   0.000000
3187.368735   -0.994988   -3.377463   -0.000000   0.000000
3187.383658   -0.994988   -3.389977   -0.000000   0.000000
3187.398580   -0.994988   -3.402556   -0.000000   0.000000
3187.413503   -0.994988   -3.415201   -0.000000   0.000000
3187.428425   -0.994988   -3.427913   -0.000000   0.000000
3187.443348   -0.994988   -3.440691   -0.000000   0.000000
3187.458270   -0.994988   -3.453536   -0.000000   0.000000
3187.473193   -0.994988   -3.466449   -0.000000   0.000000
3187.488115   -0.994988   -3.479430   -0.000000   0.000000
3187.503038   -0.994988   -3.492478   -0.000000   0.000000
3187.517960   -0.994988   -3.505595   -0.000000   0.000000
3187.532883   -0.994988   -3.518781   -0.000000   0.000000
3187.547805   -0.994988   -3.532037   -0.000000   0.000000
3187.562728   -0.994988   -3.545361   -0.000000   0.000000
3187.577650   -0.994988   -3.558756   -0.000000   0.000000
3187.592572   -0.994988   -3.572221   -0.000000   0.000000
3187.607495   -0.994988   -3.585757   -0.000000   0.000000
3187.622417   -0.994988   -3.599364   -0.000000   0.000000
3187.637340   -0.994988   -3.613042   -0.000000   0.000000
3187.652262   -0.994988   -3.626792   -0.000000   0.000000
3187.667185   -0.994988   -3.640614   -0.000000   0.000000
3187.682107   -0.994988   -3.654509   -0.000000   0.000000
3187.697030   -0.994988   -3.668477   -0.000000   0.000000
3187.711952   -0.994988   -3.682517   -0.000000   0.000000
3187.726875   -0.994988   -3.696632   -0.000000   0.000000
3187.741797   -0.994988   -3.710821   -0.000000   0.000000
3187.756720   -0.994988   -3.725084   -0.000000   0.000000
3187.771642   -0.994988   -3.739422   -0.000000   0.000000
3187.786565   -0.994988   -3.753835   -0.000000   0.000000
3187.801487   -0.994988   -3.768324   -0.000000   0.000000
3187.816410   -0.994988   -3.782888   -0.000000   0.000000
3187.831332   -0.994988   -3.797529   -0.000000   0.000000
3187.846255   -0.994988   -3.812247   -0.000000   0.000000
3187.861177   -0.994988   -3.827042   -0.000000   0.000000
3187.876100   -0.994988   -3.841915   -0.000000   0.000000
3187.891022   -0.994988   -3.856866   -0.000000   0.000000
3187.905945   -0.994988   -3.871895   -0.000000   0.000000
3187.920867   -0.994988   -3.887002   -0.000000   0.000000
3187.935790   -0.994988   -3.902189   -0.000000   0.000000
3187.950713   -0.994988   -3.917456   -0.000000   0.000000
3187.965635   -0.994988   -3.932802   -0.000000   0.000000
3187.980558   -0.994988   -3.948229   -0.000000   0.000000
3187.995480   -0.994988   -3.963737   -0.000000   0.000000
3188.010403   -0.994988   -3.979326   -0.000000   0.000000
3188.025325   -0.994988   -3.994996   -0.000000   0.000000
3188.040248   -0.994988   -4.010749   -0.000000   0.000000
3188.055170   -0.994988   -4.026584   -0.000000   0.000000
3188.070093   -0.994988   -4.042502   -0.000000   0.000000
3188.085015   -0.994988   -4.058503   -0.000000   0.000000
3188.099938   -0.994988   -4.074588   -0.000000   0.000000
3188.114860   -0.994988   -4.090758   -0.000000   0.000000
3188.129783   -0.994988   -4.107011   -0.000000   0.000000
3188.144705   -0.994988   -4.123350   -0.000000   0.000000
3188.159628   -0.994988   -4.139775   -0.000000   0.000000
3188.174550   -0.994988   -4.156285   -0.000000   0.000000
3188.189472   -0.994988   -4.172881   -0.000000   0.000000
3188.204395   -0.994988   -4.189564   -0.000000   0.000000
3188.219317   -0.994988   -4.206335   -0.000000   0.000000
3188.234240   -0.994988   -4.223193   -0.000000   0.000000
3188.249162   -0.994988   -4.240139   -0.000000   0.000000
3188.264085   -0.994988   -4.257173   -0.000000   0.000000
3188.279007   -0.994988   -4.274297   -0.000000   0.000000
3188.293930   -0.994988   -4.291510   -0.000000   0.000000
3188.308852   -0.994988   -4.308813   -0.000000   0.000000
3188.323775   -0.994988   -4.326206   -0.000000   0.000000
3188.338697   -0.994988   -4.343689   -0.000000   0.000000
3188.353620   -0.994988   -4.361264   -0.000000   0.000000
3188.368542   -0.994988   -4.378931   -0.000000   0.000000
3188.383465   -0.994988   -4.396690   -0.000000   0.000000
3188.398387   -0.994988   -4.414541   -0.000000   0.000000
3188.413310   -0.994988   -4.432486   -0.000000   0.000000
3188.428232   -0.994988   -4.450524   -0.000000   0.000000
3188.443155   -0.994988   -4.468655   -0.000000   0.000000
3188.458077   -0.994988   -4.486882   -0.000000   0.000000
3188.473000   -0.994988   -4.505203   -0.000000   0.000000
3188.487922   -0.994988   -4.523619   -0.000000   0.000000
3188.502845   -0.994988   -4.542132   -0.000000   0.000000
3188.517767   -0.994988   -4.560741   -0.000000   0.000000
3188.532690   -0.994988   -4.579446   -0.000000   0.000000
3188.547613   -0.994988   -4.598249   -0.000000   0.000000
3188.562535   -0.994988   -4.617149   -0.000000   0.000000
3188.577458   -0.994988   -4.636148   -0.000000   0.000000
3188.592380   -0.994988   -4.655246   -0.000000   0.000000
3188.607303   -0.994988   -4.674443   -0.000000   0.000000
3188.622225   -0.994988   -4.693739   -0.000000   0.000000
3188.637148   -0.994988   -4.713136   -0.000000   0.000000
3188.652070   -0.994988   -4.732633   -0.000000   0.000000
3188.666993   -0.994988   -4.752231   -0.000000   0.000000
3188.681915   -0.994988   -4.771931   -0.000000   0.000000
3188.696838   -0.994988   -4.791734   -0.000000   0.000000
3188.711760   -0.994988   -4.811639   -0.000000   0.000000
3188.726683   -0.994988   -4.831647   -0.000000   0.000000
3188.741605   -0.994988   -4.851759   -0.000000   0.000000
3188.756528   -0.994988   -4.871975   -0.000000   0.000000
3188.771450   -0.994988   -4.892295   -0.000000   0.000000
3188.786372   -0.994988   -4.912721   -0.000000   0.000000
3188.801295   -0.994988   -4.933253   -0.000000   0.000000
3188.816217   -0.994988   -4.953891   -0.000000   0.000000
3188.831140   -0.994988   -4.974635   -0.000000   0.000000
3188.846062   -0.994988   -4.995487   -0.000000   0.000000
3188.860985   -0.994988   -5.016447   -0.000000   0.000000
3188.875907   -0.994988   -5.037515   -0.000000   0.000000
3188.890830   -0.994988   -5.058692   -0.000000   0.000000
3188.905752   -0.994988   -5.079978   -0.000000   0.000000
3188.920675   -0.994988   -5.101374   -0.000000   0.000000
3188.935597   -0.994988   -5.122880   -0.000000   0.000000
3188.950520   -0.994988   -5.144498   -0.000000   0.000000
3188.965442   -0.994988   -5.166227   -0.000000   0.000000
3188.980365   -0.994988   -5.188068   -0.000000   0.000000
3188.995287   -0.994988   -5.210021   -0.000000   0.000000
3189.010210   -0.994988   -5.232088   -0.000000   0.000000
3189.025132   -0.994988   -5.254268   -0.000000   0.000000
3189.040055   -0.994988   -5.276563   -0.000000   0.000000
3189.054977   -0.994988   -5.298972   -0.000000   0.000000
3189.069900   -0.994988   -5.321497   -0.000000   0.000000
3189.084822   -0.994988   -5.344137   -0.000000   0.000000
3189.099745   -0.994988   -5.366894   -0.000000   0.000000
3189.114667   -0.994988   -5.389768   -0.000000   0.000000
3189.129590   -0.994988   -5.412759   -0.000000   0.000000
3189.144513   -0.994988   -5.435868   -0.000000   0.000000
3189.159435   -0.994988   -5.459097   -0.000000   0.000000
3189.174358   -0.994988   -5.482444   -0.000000   0.000000
3189.189280   -0.994988   -5.505911   -0.000000   0.000000
3189.204203   -0.994988   -5.529499   -0.000000   0.000000
3189.219125   -0.994988   -5.553207   -0.000000   0.000000
3189.234048   -0.994988   -5.577037   -0.000000   0.000000
3189.248970   -0.994988   -5.600989   -0.000000   0.000000
3189.263893   -0.994988   -5.625064   -0.000000   0.000000
3189.278815   -0.994988   -5.649262   -0.000000   0.000000
3189.293738   -0.994988   -5.673584   -0.000000   0.000000
3189.308660   -0.994988   -5.698030   -0.000000   0.000000
3189.323583   -0.994988   -5.722601   -0.000000   0.000000
3189.338505   -0.994988   -5.747298   -0.000000   0.000000
3189.353428   -0.994988   -5.772121   -0.000000   0.000000
3189.368350   -0.994988   -5.797071   -0.000000   0.000000
3189.383272   -0.994988   -5.822149   -0.000000   0.000000
3189.398195   -0.994988   -5.847354   -0.000000   0.000000
3189.413117   -0.994988   -5.872688   -0.000000   0.000000
3189.428040   -0.994988   -5.898151   -0.000000   0.000000
3189.442962   -0.994988   -5.923744   -0.000000   0.000000
3189.457885   -0.994988   -5.949468   -0.000000   0.000000
3189.472807   -0.994988   -5.975322   -0.000000   0.000000
3189.487730   -0.994988   -6.001309   -0.000000   0.000000
3189.502652   -0.994988   -6.027427   -0.000000   0.000000
3189.517575   -0.994988   -6.053679   -0.000000   0.000000
3189.532497   -0.994988   -6.080064   -0.000000   0.000000
3189.547420   -0.994988   -6.106583   -0.000000   0.000000
3189.562342   -0.994988   -6.133237   -0.000000   0.000000
3189.577265   -0.994988   -6.160026   -0.000000   0.000000
3189.592187   -0.994988   -6.186952   -0.000000   0.000000
3189.607110   -0.994988   -6.214014   -0.000000   0.000000
3189.622032   -0.994988   -6.241213   -0.000000   0.000000
3189.636955   -0.994988   -6.268551   -0.000000   0.000000
3189.651877   -0.994988   -6.296027   -0.000000   0.000000
3189.666800   -0.994988   -6.323642   -0.000000   0.000000
3189.681722   -0.994988   -6.351398   -0.000000   0.000000
3189.696645   -0.994988   -6.379294   -0.000000   0.000000
3189.711568   -0.994988   -6.407331   -0.000000   0.000000
3189.726490   -0.994988   -6.435510   -0.000000   0.000000
3189.741413   -0.994988   -6.463832   -0.000000   0.000000
3189.756335   -0.994988   -6.492296   -0.000000   0.000000
3189.771258   -0.994988   -6.520905   -0.000000   0.000000
3189.786180   -0.994988   -6.549658   -0.000000   0.000000
3189.801103   -0.994988   -6.578557   -0.000000   0.000000
3189.816025   -0.994988   -6.607601   -0.000000   0.000000
3189.830948   -0.994988   -6.636792   -0.000000   0.000000
3189.845870   -0.994988   -6.666131   -0.000000   0.000000
3189.860793   -0.994988   -6.695617   -0.000000   0.000000
3189.875715   -0.994988   -6.725252   -0.000000   0.000000
3189.890638   -0.994988   -6.755036   -0.000000   0.000000
3189.905560   -0.994988   -6.784970   -0.000000   0.000000
3189.920483   -0.994988   -6.815055   -0.000000   0.000000
3189.935405   -0.994988   -6.845291   -0.000000   0.000000
3189.950328   -0.994988   -6.875679   -0.000000   0.000000
3189.965250   -0.994988   -6.906221   -0.000000   0.000000
3189.980172   -0.994988   -6.936915   -0.000000   0.000000
3189.995095   -0.994988   -6.967764   -0.000000   0.000000
3190.010017   -0.994988   -6.998768   -0.000000   0.000000
3190.024940   -0.994988   -7.029927   -0.000000   0.000000
3190.039862   -0.994988   -7.061243   -0.000000   0.000000
3190.054785   -0.994988   -7.092716   -0.000000   0.000000
3190.069707   -0.994988   -7.124347   -0.000000   0.000000
3190.084630   -0.994988   -7.156136   -0.000000   0.000000
3190.099552   -0.994988   -7.188084   -0.000000   0.000000
3190.114475   -0.994988   -7.220193   -0.000000   0.000000
3190.129397   -0.994988   -7.252462   -0.000000   0.000000
3190.144320   -0.994988   -7.284893   -0.000000   0.000000
3190.159242   -0.994988   -7.317485   -0.000000   0.000000
3190.174165   -0.994988   -7.350241   -0.000000   0.000000
3190.189087   -0.994988   -7.383161   -0.000000   0.000000
3190.204010   -0.994988   -7.416244   -0.000000   0.000000
3190.218932   -0.994988   -7.449494   -0.000000   0.000000
3190.233855   -0.994988   -7.482909   -0.000000   0.000000
3190.248777   -0.994988   -7.516490   -0.000000   0.000000
3190.263700   -0.994988   -7.550240   -0.000000   0.000000
3190.278622   -0.994988   -7.584157   -0.000000   0.000000
3190.293545   -0.994988   -7.618243   -0.000000   0.000000
3190.308468   -0.994988   -7.652500   -0.000000   0.000000
3190.323390   -0.994988   -7.686927   -0.000000   0.000000
3190.338313   -0.994988   -7.721525   -0.000000   0.000000
3190.353235   -0.994988   -7.756295   -0.000000   0.000000
3190.368158   -0.994988   -7.791238   -0.000000   0.000000
3190.383080   -0.994988   -7.826355   -0.000000   0.000000
3190.398003   -0.994988   -7.861646   -0.000000   0.000000
3190.412925   -0.994988   -7.897113   -0.000000   0.000000
3190.427848   -0.994988   -7.932756   -0.000000   0.000000
3190.442770   -0.994988   -7.968575   -0.000000   0.000000
3190.457693   -0.994988   -8.004572   -0.000000   0.000000
3190.472615   -0.994988   -8.040748   -0.000000   0.000000
3190.487538   -0.994988   -8.077103   -0.000000   0.000000
3190.502460   -0.994988   -8.113638   -0.000000   0.000000
3190.517383   -0.994988   -8.150354   -0.000000   0.000000
3190.532305   -0.994988   -8.187252   -0.000000   0.000000
3190.547228   -0.994988   -8.224333   -0.000000   0.000000
3190.562150   -0.994988   -8.261596   -0.000000   0.000000
3190.577072   -0.994988   -8.299045   -0.000000   0.000000
3190.591995   -0.994988   -8.336678   -0.000000   0.000000
3190.606917   -0.994988   -8.374497   -0.000000   0.000000
3190.621840   -0.994988   -8.412503   -0.000000   0.000000
3190.636762   -0.994988   -8.450696   -0.000000   0.000000
3190.651685   -0.994988   -8.489078   -0.000000   0.000000
3190.666607   -0.994988   -8.527649   -0.000000   0.000000
3190.681530   -0.994988   -8.566411   -0.000000   0.000000
3190.696452   -0.994988   -8.605363   -0.000000   0.000000
3190.711375   -0.994988   -8.644507   -0.000000   0.000000
3190.726297   -0.994988   -8.683844   -0.000000   0.000000
3190.741220   -0.994988   -8.723375   -0.000000   0.000000
3190.756142   -0.994988   -8.763100   -0.000000   0.000000
3190.771065   -0.994988   -8.803021   -0.000000   0.000000
3190.785987   -0.994988   -8.843138   -0.000000   0.000000
3190.800910   -0.994988   -8.883452   -0.000000   0.000000
3190.815832   -0.994988   -8.923964   -0.000000   0.000000
3190.830755   -0.994988   -8.964675   -0.000000   0.000000
3190.845677   -0.994988   -9.005586   -0.000000   0.000000
3190.860600   -0.994988   -9.046697   -0.000000   0.000000
3190.875522   -0.994988   -9.088010   -0.000000   0.000000
3190.890445   -0.994988   -9.129526 