3176.535000   -0.386224   0.000000   0.007694
3176.549922   -0.386247   -0.000000   0.007715
3176.564845   -0.386271   -0.000000   0.007736
3176.579767   -0.386294   -0.000000   0.007758
3176.594690   -0.386316   -0.000000   0.007780
3176.609612   -0.386339   -0.000000   0.007801
3176.624535   -0.386361   -0.000000   0.007823
3176.639457   -0.386383   -0.000000   0.007845
3176.654380   -0.386405   -0.000000   0.007867
3176.669302   -0.386427   -0.000000   0.007889
3176.684225   -0.386449   -0.000000   0.007911
3176.699147   -0.386470   -0.000000   0.007933
3176.714070   -0.386491   -0.000000   0.007955
3176.728993   -0.386512   -0.000000   0.007978
3176.743915   -0.386533   -0.000000   0.008000
3176.758838   -0.386554   -0.000000   0.008023
3176.773760   -0.386574   -0.000000   0.008045
3176.788683   -0.386594   -0.000000   0.008068
3176.803605   -0.386614   -0.000000   0.008091
3176.818528   -0.386634   -0.000000   0.008114
3176.833450   -0.386653   -0.000000   0.008137
3176.848372   -0.386673   -0.000000   0.008160
3176.863295   -0.386692   -0.000000   0.008183
3176.878217   -0.386711   -0.000000   0.008206
3176.893140   -0.386729   -0.000000   0.008229
3176.908062   -0.386748   -0.000000   0.008253
3176.922985   -0.386766   -0.000000   0.008276
3176.937907   -0.386784   -0.000000   0.008300
3176.952830   -0.386802   -0.000000   0.008324
3176.967752   -0.386819   -0.000000   0.008347
3176.982675   -0.386836   -0.000000   0.008371
3176.997597   -0.386854   -0.000000   0.008395
3177.012520   -0.386870   -0.000000   0.008419
3177.027442   -0.386887   -0.000000   0.008443
3177.042365   -0.386903   -0.000000   0.008468
3177.057287   -0.386920   -0.000000   0.008492
3177.072210   -0.386936   -0.000000   0.008516
3177.087132   -0.386951   -0.000000   0.008541
3177.102055   -0.386967   -0.000000   0.008565
3177.116977   -0.386982   -0.000000   0.008590
3177.131900   -0.386997   -0.000000   0.008615
3177.146822   -0.387012   -0.000000   0.008640
3177.161745   -0.387026   -0.000000   0.008665
3177.176667   -0.387041   -0.000000   0.008690
3177.191590   -0.387055   -0.000000   0.008715
3177.206512   -0.387069   -0.000000   0.008740
3177.221435   -0.387082   -0.000000   0.008766
3177.236357   -0.387096   -0.000000   0.008791
3177.251280   -0.387109   -0.000000   0.008817
3177.266202   -0.387122   -0.000000   0.008842
3177.281125   -0.387134   -0.000000   0.008868
3177.296047   -0.387147   -0.000000   0.008894
3177.310970   -0.387159   -0.000000   0.008920
3177.325893   -0.387171   -0.000000   0.008946
3177.340815   -0.387182   -0.000000   0.008972
3177.355738   -0.387193   -0.000000   0.008998
3177.370660   -0.387205   -0.000000   0.009025
3177.385583   -0.387215   -0.000000   0.009051
3177.400505   -0.387226   -0.000000   0.009078
3177.415428   -0.387236   -0.000000   0.009104
3177.430350   -0.387246   -0.000000   0.009131
3177.445272   -0.387256   -0.000000   0.009158
3177.460195   -0.387266   -0.000000   0.009185
3177.475117   -0.387275   -0.000000   0.009212
3177.490040   -0.387284   -0.000000   0.009239
3177.504962   -0.387293   -0.000000   0.009267
3177.519885   -0.387301   -0.000000   0.009294
3177.534807   -0.387310   -0.000000   0.009322
3177.549730   -0.387318   -0.000000   0.009349
3177.564652   -0.387325   -0.000000   0.009377
3177.579575   -0.387333   -0.000000   0.009405
3177.594497   -0.387340   -0.000000   0.009433
3177.609420   -0.387347   -0.000000   0.009461
3177.624342   -0.387353   -0.000000   0.009489
3177.639265   -0.387359   -0.000000   0.009517
3177.654187   -0.387365   -0.000000   0.009546
3177.669110   -0.387371   -0.000000   0.009574
3177.684032   -0.387377   -0.000000   0.009603
3177.698955   -0.387382   -0.000000   0.009632
3177.713877   -0.387387   -0.000000   0.009661
3177.728800   -0.387391   -0.000000   0.009690
3177.743722   -0.387396   -0.000000   0.009719
3177.758645   -0.387400   -0.000000   0.009748
3177.773567   -0.387403   -0.000000   0.009777
3177.788490   -0.387407   -0.000000   0.009807
3177.803412   -0.387410   -0.000000   0.009836
3177.818335   -0.387413   -0.000000   0.009866
3177.833257   -0.387415   -0.000000   0.009896
3177.848180   -0.387418   -0.000000   0.009926
3177.863102   -0.387420   -0.000000   0.009956
3177.878025   -0.387421   -0.000000   0.009986
3177.892947   -0.387423   -0.000000   0.010016
3177.907870   -0.387424   -0.000000   0.010046
3177.922793   -0.387424   -0.000000   0.010077
3177.937715   -0.387425   -0.000000   0.010108
3177.952638   -0.387425   -0.000000   0.010138
3177.967560   -0.387425   -0.000000   0.010169
3177.982483   -0.387424   -0.000000   0.010200
3177.997405   -0.387423   -0.000000   0.010231
3178.012328   -0.387422   -0.000000   0.010263
3178.027250   -0.387421   -0.000000   0.010294
3178.042172   -0.387419   -0.000000   0.010326
3178.057095   -0.387417   -0.000000   0.010357
3178.072017   -0.387415   -0.000000   0.010389
3178.086940   -0.387412   -0.000000   0.010421
3178.101862   -0.387409   -0.000000   0.010453
3178.116785   -0.387406   -0.000000   0.010485
3178.131707   -0.387402   -0.000000   0.010517
3178.146630   -0.387398   -0.000000   0.010550
3178.161552   -0.387394   -0.000000   0.010582
3178.176475   -0.387389   -0.000000   0.010615
3178.191397   -0.387384   -0.000000   0.010648
3178.206320   -0.387378   -0.000000   0.010681
3178.221242   -0.387373   -0.000000   0.010714
3178.236165   -0.387367   -0.000000   0.010747
3178.251087   -0.387360   -0.000000   0.010781
3178.266010   -0.387354   -0.000000   0.010814
3178.280932   -0.387347   -0.000000   0.010848
3178.295855   -0.387339   -0.000000   0.010881
3178.310777   -0.387331   -0.000000   0.010915
3178.325700   -0.387323   -0.000000   0.010949
3178.340622   -0.387315   -0.000000   0.010984
3178.355545   -0.387306   -0.000000   0.011018
3178.370467   -0.387297   -0.000000   0.011052
3178.385390   -0.387288   -0.000000   0.011087
3178.400312   -0.387278   -0.000000   0.011122
3178.415235   -0.387267   -0.000000   0.011157
3178.430157   -0.387257   -0.000000   0.011192
3178.445080   -0.387246   -0.000000   0.011227
3178.460002   -0.387235   -0.000000   0.011262
3178.474925   -0.387223   -0.000000   0.011298
3178.489847   -0.387211   -0.000000   0.011333
3178.504770   -0.387199   -0.000000   0.011369
3178.519693   -0.387186   -0.000000   0.011405
3178.534615   -0.387173   -0.000000   0.011441
3178.549538   -0.387159   -0.000000   0.011477
3178.564460   -0.387145   -0.000000   0.011514
3178.579383   -0.387131   -0.000000   0.011550
3178.594305   -0.387116   -0.000000   0.011587
3178.609228   -0.387101   -0.000000   0.011624
3178.624150   -0.387086   -0.000000   0.011661
3178.639072   -0.387070   -0.000000   0.011698
3178.653995   -0.387054   -0.000000   0.011735
3178.668917   -0.387037   -0.000000   0.011773
3178.683840   -0.387020   -0.000000   0.011810
3178.698762   -0.387003   -0.000000   0.011848
3178.713685   -0.386985   -0.000000   0.011886
3178.728607   -0.386967   -0.000000   0.011924
3178.743530   -0.386948   -0.000000   0.011962
3178.758452   -0.386929   -0.000000   0.012001
3178.773375   -0.386910   -0.000000   0.012039
3178.788297   -0.386890   -0.000000   0.012078
3178.803220   -0.386870   -0.000000   0.012117
3178.818142   -0.386850   -0.000000   0.012156
3178.833065   -0.386829   -0.000000   0.012195
3178.847987   -0.386807   -0.000000   0.012234
3178.862910   -0.386785   -0.000000   0.012274
3178.877832   -0.386763   -0.000000   0.012314
3178.892755   -0.386741   -0.000000   0.012353
3178.907677   -0.386717   -0.000000   0.012393
3178.922600   -0.386694   -0.000000   0.012434
3178.937522   -0.386670   -0.000000   0.012474
3178.952445   -0.386646   -0.000000   0.012515
3178.967367   -0.386621   -0.000000   0.012555
3178.982290   -0.386596   -0.000000   0.012596
3178.997212   -0.386570   -0.000000   0.012637
3179.012135   -0.386544   -0.000000   0.012678
3179.027057   -0.386518   -0.000000   0.012720
3179.041980   -0.386491   -0.000000   0.012761
3179.056902   -0.386463   -0.000000   0.012803
3179.071825   -0.386436   -0.000000   0.012845
3179.086748   -0.386407   -0.000000   0.012887
3179.101670   -0.386379   -0.000000   0.012930
3179.116593   -0.386349   -0.000000   0.012972
3179.131515   -0.386320   -0.000000   0.013015
3179.146438   -0.386290   -0.000000   0.013058
3179.161360   -0.386259   -0.000000   0.013101
3179.176283   -0.386228   -0.000000   0.013144
3179.191205   -0.386197   -0.000000   0.013187
3179.206128   -0.386165   -0.000000   0.013231
3179.221050   -0.386133   -0.000000   0.013274
3179.235972   -0.386100   -0.000000   0.013318
3179.250895   -0.386067   -0.000000   0.013363
3179.265817   -0.386033   -0.000000   0.013407
3179.280740   -0.385999   -0.000000   0.013451
3179.295662   -0.385964   -0.000000   0.013496
3179.310585   -0.385929   -0.000000   0.013541
3179.325507   -0.385893   -0.000000   0.013586
3179.340430   -0.385857   -0.000000   0.013631
3179.355352   -0.385820   -0.000000   0.013677
3179.370275   -0.385783   -0.000000   0.013723
3179.385197   -0.385746   -0.000000   0.013768
3179.400120   -0.385708   -0.000000   0.013815
3179.415042   -0.385669   -0.000000   0.013861
3179.429965   -0.385630   -0.000000   0.013907
3179.444887   -0.385591   -0.000000   0.013954
3179.459810   -0.385551   -0.000000   0.014001
3179.474732   -0.385510   -0.000000   0.014048
3179.489655   -0.385469   -0.000000   0.014095
3179.504577   -0.385427   -0.000000   0.014143
3179.519500   -0.385385   -0.000000   0.014190
3179.534422   -0.385343   -0.000000   0.014238
3179.549345   -0.385300   -0.000000   0.014286
3179.564267   -0.385256   -0.000000   0.014335
3179.579190   -0.385212   -0.000000   0.014383
3179.594112   -0.385167   -0.000000   0.014432
3179.609035   -0.385122   -0.000000   0.014481
3179.623957   -0.385076   -0.000000   0.014530
3179.638880   -0.385030   -0.000000   0.014579
3179.653802   -0.384983   -0.000000   0.014629
3179.668725   -0.384936   -0.000000   0.014679
3179.683648   -0.384888   -0.000000   0.014729
3179.698570   -0.384840   -0.000000   0.014779
3179.713493   -0.384791   -0.000000   0.014830
3179.728415   -0.384742   -0.000000   0.014880
3179.743338   -0.384692   -0.000000   0.014931
3179.758260   -0.384641   -0.000000   0.014982
3179.773183   -0.384590   -0.000000   0.015034
3179.788105   -0.384539   -0.000000   0.015085
3179.803028   -0.384486   -0.000000   0.015137
3179.817950   -0.384434   -0.000000   0.015189
3179.832872   -0.384380   -0.000000   0.015241
3179.847795   -0.384327   -0.000000   0.015294
3179.862717   -0.384272   -0.000000   0.015346
3179.877640   -0.384217   -0.000000   0.015399
3179.892562   -0.384162   -0.000000   0.015453
3179.907485   -0.384106   -0.000000   0.015506
3179.922407   -0.384049   -0.000000   0.015560
3179.937330   -0.383992   -0.000000   0.015614
3179.952252   -0.383934   -0.000000   0.015668
3179.967175   -0.383875   -0.000000   0.015722
3179.982097   -0.383816   -0.000000   0.015777
3179.997020   -0.383757   -0.000000   0.015832
3180.011942   -0.383697   -0.000000   0.015887
3180.026865   -0.383636   -0.000000   0.015942
3180.041787   -0.383574   -0.000000   0.015998
3180.056710   -0.383512   -0.000000   0.016053
3180.071632   -0.383450   -0.000000   0.016109
3180.086555   -0.383387   -0.000000   0.016166
3180.101477   -0.383323   -0.000000   0.016222
3180.116400   -0.383258   -0.000000   0.016279
3180.131322   -0.383193   -0.000000   0.016336
3180.146245   -0.383128   -0.000000   0.016394
3180.161167   -0.383062   -0.000000   0.016451
3180.176090   -0.382995   -0.000000   0.016509
3180.191012   -0.382927   -0.000000   0.016567
3180.205935   -0.382859   -0.000000   0.016625
3180.220857   -0.382791   -0.000000   0.016684
3180.235780   -0.382721   -0.000000   0.016743
3180.250702   -0.382651   -0.000000   0.016802
3180.265625   -0.382581   -0.000000   0.016861
3180.280548   -0.382509   -0.000000   0.016921
3180.295470   -0.382437   -0.000000   0.016981
3180.310393   -0.382365   -0.000000   0.017041
3180.325315   -0.382292   -0.000000   0.017102
3180.340238   -0.382218   -0.000000   0.017163
3180.355160   -0.382143   -0.000000   0.017224
3180.370083   -0.382068   -0.000000   0.017285
3180.385005   -0.381992   -0.000000   0.017346
3180.399928   -0.381916   -0.000000   0.017408
3180.414850   -0.381839   -0.000000   0.017470
3180.429772   -0.381761   -0.000000   0.017533
3180.444695   -0.381682   -0.000000   0.017595
3180.459617   -0.381603   -0.000000   0.017658
3180.474540   -0.381523   -0.000000   0.017722
3180.489462   -0.381443   -0.000000   0.017785
3180.504385   -0.381362   -0.000000   0.017849
3180.519307   -0.381280   -0.000000   0.017913
3180.534230   -0.381197   -0.000000   0.017977
3180.549152   -0.381114   -0.000000   0.018042
3180.564075   -0.381030   -0.000000   0.018107
3180.578997   -0.380946   -0.000000   0.018172
3180.593920   -0.380860   -0.000000   0.018238
3180.608842   -0.380774   -0.000000   0.018304
3180.623765   -0.380687   -0.000000   0.018370
3180.638687   -0.380600   -0.000000   0.018436
3180.653610   -0.380512   -0.000000   0.018503
3180.668532   -0.380423   -0.000000   0.018570
3180.683455   -0.380333   -0.000000   0.018638
3180.698377   -0.380243   -0.000000   0.018705
3180.713300   -0.380152   -0.000000   0.018773
3180.728222   -0.380060   -0.000000   0.018842
3180.743145   -0.379968   -0.000000   0.018910
3180.758067   -0.379874   -0.000000   0.018979
3180.772990   -0.379780   -0.000000   0.019048
3180.787912   -0.379686   -0.000000   0.019118
3180.802835   -0.379590   -0.000000   0.019188
3180.817757   -0.379494   -0.000000   0.019258
3180.832680   -0.379397   -0.000000   0.019328
3180.847602   -0.379300   -0.000000   0.019399
3180.862525   -0.379201   -0.000000   0.019470
3180.877448   -0.379102   -0.000000   0.019542
3180.892370   -0.379002   -0.000000   0.019613
3180.907293   -0.378901   -0.000000   0.019686
3180.922215   -0.378800   -0.000000   0.019758
3180.937138   -0.378697   -0.000000   0.019831
3180.952060   -0.378594   -0.000000   0.019904
3180.966983   -0.378490   -0.000000   0.019977
3180.981905   -0.378386   -0.000000   0.020051
3180.996828   -0.378280   -0.000000   0.020125
3181.011750   -0.378174   -0.000000   0.020200
3181.026672   -0.378067   -0.000000   0.020274
3181.041595   -0.377960   -0.000000   0.020349
3181.056517   -0.377851   -0.000000   0.020425
3181.071440   -0.377742   -0.000000   0.020501
3181.086362   -0.377632   -0.000000   0.020577
3181.101285   -0.377521   -0.000000   0.020653
3181.116207   -0.377409   -0.000000   0.020730
3181.131130   -0.377296   -0.000000   0.020807
3181.146052   -0.377183   -0.000000   0.020885
3181.160975   -0.377069   -0.000000   0.020963
3181.175897   -0.376953   -0.000000   0.021041
3181.190820   -0.376838   -0.000000   0.021120
3181.205742   -0.376721   -0.000000   0.021199
3181.220665   -0.376603   -0.000000   0.021278
3181.235587   -0.376485   -0.000000   0.021358
3181.250510   -0.376366   -0.000000   0.021438
3181.265432   -0.376246   -0.000000   0.021519
3181.280355   -0.376125   -0.000000   0.021599
3181.295277   -0.376003   -0.000000   0.021681
3181.310200   -0.375880   -0.000000   0.021762
3181.325122   -0.375757   -0.000000   0.021844
3181.340045   -0.375633   -0.000000   0.021926
3181.354967   -0.375507   -0.000000   0.022009
3181.369890   -0.375381   -0.000000   0.022092
3181.384812   -0.375254   -0.000000   0.022176
3181.399735   -0.375127   -0.000000   0.022260
3181.414657   -0.374998   -0.000000   0.022344
3181.429580   -0.374868   -0.000000   0.022429
3181.444502   -0.374738   -0.000000   0.022514
3181.459425   -0.374607   -0.000000   0.022599
3181.474348   -0.374474   -0.000000   0.022685
3181.489270   -0.374341   -0.000000   0.022771
3181.504193   -0.374207   -0.000000   0.022858
3181.519115   -0.374072   -0.000000   0.022945
3181.534038   -0.373936   -0.000000   0.023032
3181.548960   -0.373800   -0.000000   0.023120
3181.563883   -0.373662   -0.000000   0.023208
3181.578805   -0.373524   -0.000000   0.023297
3181.593728   -0.373384   -0.000000   0.023386
3181.608650   -0.373244   -0.000000   0.023475
3181.623572   -0.373102   -0.000000   0.023565
3181.638495   -0.372960   -0.000000   0.023655
3181.653417   -0.372817   -0.000000   0.023746
3181.668340   -0.372673   -0.000000   0.023837
3181.683262   -0.372528   -0.000000   0.023929
3181.698185   -0.372382   -0.000000   0.024021
3181.713107   -0.372235   -0.000000   0.024113
3181.728030   -0.372087   -0.000000   0.024206
3181.742952   -0.371938   -0.000000   0.024299
3181.757875   -0.371788   -0.000000   0.024393
3181.772797   -0.371637   -0.000000   0.024487
3181.787720   -0.371485   -0.000000   0.024582
3181.802642   -0.371333   -0.000000   0.024677
3181.817565   -0.371179   -0.000000   0.024772
3181.832487   -0.371024   -0.000000   0.024868
3181.847410   -0.370869   -0.000000   0.024964
3181.862332   -0.370712   -0.000000   0.025061
3181.877255   -0.370554   -0.000000   0.025158
3181.892177   -0.370396   -0.000000   0.025256
3181.907100   -0.370236   -0.000000   0.025354
3181.922022   -0.370076   -0.000000   0.025453
3181.936945   -0.369914   -0.000000   0.025552
3181.951867   -0.369751   -0.000000   0.025651
3181.966790   -0.369588   -0.000000   0.025751
3181.981712   -0.369423   -0.000000   0.025852
3181.996635   -0.369257   -0.000000   0.025953
3182.011557   -0.369091   -0.000000   0.026054
3182.026480   -0.368923   -0.000000   0.026156
3182.041403   -0.368754   -0.000000   0.026258
3182.056325   -0.368585   -0.000000   0.026361
3182.071248   -0.368414   -0.000000   0.026464
3182.086170   -0.368242   -0.000000   0.026568
3182.101093   -0.368069   -0.000000   0.026672
3182.116015   -0.367895   -0.000000   0.026777
3182.130938   -0.367720   -0.000000   0.026882
3182.145860   -0.367544   -0.000000   0.026988
3182.160783   -0.367367   -0.000000   0.027094
3182.175705   -0.367189   -0.000000   0.027201
3182.190628   -0.367010   -0.000000   0.027308
3182.205550   -0.366829   -0.000000   0.027416
3182.220472   -0.366648   -0.000000   0.027524
3182.235395   -0.366466   -0.000000   0.027633
3182.250317   -0.366282   -0.000000   0.027742
3182.265240   -0.366098   -0.000000   0.027851
3182.280162   -0.365912   -0.000000   0.027962
3182.295085   -0.365725   -0.000000   0.028072
3182.310007   -0.365537   -0.000000   0.028184
3182.324930   -0.365348   -0.000000   0.028295
3182.339852   -0.365158   -0.000000   0.028408
3182.354775   -0.364967   -0.000000   0.028521
3182.369697   -0.364775   -0.000000   0.028634
3182.384620   -0.364582   -0.000000   0.028748
3182.399542   -0.364387   -0.000000   0.028862
3182.414465   -0.364191   -0.000000   0.028977
3182.429387   -0.363995   -0.000000   0.029092
3182.444310   -0.363797   -0.000000   0.029208
3182.459232   -0.363598   -0.000000   0.029325
3182.474155   -0.363398   -0.000000   0.029442
3182.489077   -0.363197   -0.000000   0.029560
3182.504000   -0.362994   -0.000000   0.029678
3182.518922   -0.362791   -0.000000   0.029797
3182.533845   -0.362586   -0.000000   0.029916
3182.548767   -0.362380   -0.000000   0.030036
3182.563690   -0.362173   -0.000000   0.030156
3182.578612   -0.361965   -0.000000   0.030277
3182.593535   -0.361756   -0.000000   0.030399
3182.608457   -0.361545   -0.000000   0.030521
3182.623380   -0.361333   -0.000000   0.030643
3182.638303   -0.361121   -0.000000   0.030766
3182.653225   -0.360907   -0.000000   0.030890
3182.668148   -0.360691   -0.000000   0.031015
3182.683070   -0.360475   -0.000000   0.031140
3182.697993   -0.360258   -0.000000   0.031265
3182.712915   -0.360039   -0.000000   0.031391
3182.727838   -0.359819   -0.000000   0.031518
3182.742760   -0.359598   -0.000000   0.031645
3182.757683   -0.359375   -0.000000   0.031773
3182.772605   -0.359152   -0.000000   0.031901
3182.787528   -0.358927   -0.000000   0.032030
3182.802450   -0.358701   -0.000000   0.032160
3182.817372   -0.358474   -0.000000   0.032290
3182.832295   -0.358246   -0.000000   0.032421
3182.847217   -0.358016   -0.000000   0.032553
3182.862140   -0.357785   -0.000000   0.032685
3182.877062   -0.357553   -0.000000   0.032817
3182.891985   -0.357320   -0.000000   0.032951
3182.906907   -0.357085   -0.000000   0.033085
3182.921830   -0.356849   -0.000000   0.033219
3182.936752   -0.356612   -0.000000   0.033354
3182.951675   -0.356374   -0.000000   0.033490
3182.966597   -0.356134   -0.000000   0.033626
3182.981520   -0.355894   -0.000000   0.033763
3182.996442   -0.355652   -0.000000   0.033901
3183.011365   -0.355408   -0.000000   0.034039
3183.026287   -0.355164   -0.000000   0.034178
3183.041210   -0.354918   -0.000000   0.034318
3183.056132   -0.354671   -0.000000   0.034458
3183.071055   -0.354422   -0.000000   0.034599
3183.085977   -0.354173   -0.000000   0.034741
3183.100900   -0.353922   -0.000000   0.034883
3183.115822   -0.353670   -0.000000   0.035026
3183.130745   -0.353416   -0.000000   0.035169
3183.145667   -0.353161   -0.000000   0.035313
3183.160590   -0.352905   -0.000000   0.035458
3183.175512   -0.352648   -0.000000   0.035603
3183.190435   -0.352389   -0.000000   0.035750
3183.205357   -0.352129   -0.000000   0.035896
3183.220280   -0.351868   -0.000000   0.036044
3183.235203   -0.351605   -0.000000   0.036192
3183.250125   -0.351341   -0.000000   0.036341
3183.265048   -0.351076   -0.000000   0.036490
3183.279970   -0.350809   -0.000000   0.036641
3183.294893   -0.350541   -0.000000   0.036792
3183.309815   -0.350272   -0.000000   0.036943
3183.324738   -0.350002   -0.000000   0.037095
3183.339660   -0.349730   -0.000000   0.037248
3183.354583   -0.349457   -0.000000   0.037402
3183.369505   -0.349182   -0.000000   0.037556
3183.384428   -0.348906   -0.000000   0.037711
3183.399350   -0.348629   -0.000000   0.037867
3183.414272   -0.348350   -0.000000   0.038024
3183.429195   -0.348070   -0.000000   0.038181
3183.444117   -0.347789   -0.000000   0.038339
3183.459040   -0.347506   -0.000000   0.038497
3183.473962   -0.347222   -0.000000   0.038657
3183.488885   -0.346937   -0.000000   0.038817
3183.503807   -0.346650   -0.000000   0.038978
3183.518730   -0.346362   -0.000000   0.039139
3183.533652   -0.346073   -0.000000   0.039302
3183.548575   -0.345782   -0.000000   0.039465
3183.563497   -0.345490   -0.000000   0.039628
3183.578420   -0.345196   -0.000000   0.039793
3183.593342   -0.344901   -0.000000   0.039958
3183.608265   -0.344605   -0.000000   0.040124
3183.623187   -0.344307   -0.000000   0.040291
3183.638110   -0.344008   -0.000000   0.040458
3183.653032   -0.343707   -0.000000   0.040626
3183.667955   -0.343405   -0.000000   0.040795
3183.682877   -0.343102   -0.000000   0.040965
3183.697800   -0.342797   -0.000000   0.041136
3183.712722   -0.342491   -0.000000   0.041307
3183.727645   -0.342184   -0.000000   0.041479
3183.742567   -0.341875   -0.000000   0.041652
3183.757490   -0.341564   -0.000000   0.041825
3183.772412   -0.341253   -0.000000   0.042000
3183.787335   -0.340939   -0.000000   0.042175
3183.802257   -0.340625   -0.000000   0.042351
3183.817180   -0.340309   -0.000000   0.042527
3183.832103   -0.339991   -0.000000   0.042705
3183.847025   -0.339673   -0.000000   0.042883
3183.861948   -0.339352   -0.000000   0.043062
3183.876870   -0.339031   -0.000000   0.043242
3183.891793   -0.338708   -0.000000   0.043423
3183.906715   -0.338383   -0.000000   0.043604
3183.921638   -0.338057   -0.000000   0.043787
3183.936560   -0.337730   -0.000000   0.043970
3183.951483   -0.337401   -0.000000   0.044154
3183.966405   -0.337070   -0.000000   0.044338
3183.981328   -0.336739   -0.000000   0.044524
3183.996250   -0.336406   -0.000000   0.044710
3184.011172   -0.336071   -0.000000   0.044897
3184.026095   -0.335735   -0.000000   0.045085
3184.041017   -0.335397   -0.000000   0.045274
3184.055940   -0.335058   -0.000000   0.045464
3184.070862   -0.334718   -0.000000   0.045654
3184.085785   -0.334376   -0.000000   0.045845
3184.100707   -0.334033   -0.000000   0.046038
3184.115630   -0.333688   -0.000000   0.046231
3184.130552   -0.333342   -0.000000   0.046424
3184.145475   -0.332994   -0.000000   0.046619
3184.160397   -0.332645   -0.000000   0.046815
3184.175320   -0.332294   -0.000000   0.047011
3184.190242   -0.331942   -0.000000   0.047208
3184.205165   -0.331589   -0.000000   0.047406
3184.220087   -0.331234   -0.000000   0.047605
3184.235010   -0.330877   -0.000000   0.047805
3184.249932   -0.330519   -0.000000   0.048006
3184.264855   -0.330160   -0.000000   0.048207
3184.279777   -0.329799   -0.000000   0.048409
3184.294700   -0.329437   -0.000000   0.048613
3184.309622   -0.329073   -0.000000   0.048817
3184.324545   -0.328707   -0.000000   0.049022
3184.339467   -0.328341   -0.000000   0.049228
3184.354390   -0.327972   -0.000000   0.049434
3184.369312   -0.327603   -0.000000   0.049642
3184.384235   -0.327231   -0.000000   0.049851
3184.399158   -0.326859   -0.000000   0.050060
3184.414080   -0.326485   -0.000000   0.050270
3184.429003   -0.326109   -0.000000   0.050482
3184.443925   -0.325732   -0.000000   0.050694
3184.458848   -0.325353   -0.000000   0.050907
3184.473770   -0.324973   -0.000000   0.051120
3184.488693   -0.324592   -0.000000   0.051335
3184.503615   -0.324209   -0.000000   0.051551
3184.518538   -0.323824   -0.000000   0.051768
3184.533460   -0.323438   -0.000000   0.051985
3184.548383   -0.323050   -0.000000   0.052204
3184.563305   -0.322662   -0.000000   0.052423
3184.578228   -0.322271   -0.000000   0.052643
3184.593150   -0.321879   -0.000000   0.052864
3184.608072   -0.321486   -0.000000   0.053086
3184.622995   -0.321091   -0.000000   0.053309
3184.637917   -0.320694   -0.000000   0.053533
3184.652840   -0.320297   -0.000000   0.053758
3184.667762   -0.319897   -0.000000   0.053984
3184.682685   -0.319496   -0.000000   0.054211
3184.697607   -0.319094   -0.000000   0.054438
3184.712530   -0.318690   -0.000000   0.054667
3184.727452   -0.318285   -0.000000   0.054897
3184.742375   -0.317878   -0.000000   0.055127
3184.757297   -0.317470   -0.000000   0.055358
3184.772220   -0.317060   -0.000000   0.055591
3184.787142   -0.316649   -0.000000   0.055824
3184.802065   -0.316237   -0.000000   0.056058
3184.816987   -0.315822   -0.000000   0.056294
3184.831910   -0.315407   -0.000000   0.056530
3184.846832   -0.314990   -0.000000   0.056767
3184.861755   -0.314571   -0.000000   0.057005
3184.876677   -0.314151   -0.000000   0.057244
3184.891600   -0.313730   -0.000000   0.057484
3184.906522   -0.313307   -0.000000   0.057725
3184.921445   -0.312882   -0.000000   0.057967
3184.936367   -0.312456   -0.000000   0.058210
3184.951290   -0.312029   -0.000000   0.058454
3184.966212   -0.311600   -0.000000   0.058698
3184.981135   -0.311170   -0.000000   0.058944
3184.996058   -0.310738   -0.000000   0.059191
3185.010980   -0.310305   -0.000000   0.059439
3185.025903   -0.309870   -0.000000   0.059687
3185.040825   -0.309434   -0.000000   0.059937
3185.055748   -0.308996   -0.000000   0.060188
3185.070670   -0.308557   -0.000000   0.060439
3185.085593   -0.308117   -0.000000   0.060692
3185.100515   -0.307675   -0.000000   0.060946
3185.115438   -0.307232   -0.000000   0.061200
3185.130360   -0.306787   -0.000000   0.061456
3185.145283   -0.306340   -0.000000   0.061712
3185.160205   -0.305893   -0.000000   0.061970
3185.175128   -0.305444   -0.000000   0.062229
3185.190050   -0.304993   -0.000000   0.062488
3185.204972   -0.304541   -0.000000   0.062749
3185.219895   -0.304088   -0.000000   0.063010
3185.234817   -0.303633   -0.000000   0.063273
3185.249740   -0.303176   -0.000000   0.063536
3185.264662   -0.302719   -0.000000   0.063801
3185.279585   -0.302259   -0.000000   0.064066
3185.294507   -0.301799   -0.000000   0.064333
3185.309430   -0.301337   -0.000000   0.064600
3185.324352   -0.300874   -0.000000   0.064869
3185.339275   -0.300409   -0.000000   0.065138
3185.354197   -0.299943   -0.000000   0.065409
3185.369120   -0.299475   -0.000000   0.065680
3185.384042   -0.299006   -0.000000   0.065953
3185.398965   -0.298536   -0.000000   0.066226
3185.413887   -0.298064   -0.000000   0.066501
3185.428810   -0.297591   -0.000000   0.066777
3185.443732   -0.297116   -0.000000   0.067053
3185.458655   -0.296640   -0.000000   0.067331
3185.473577   -0.296163   -0.000000   0.067609
3185.488500   -0.295684   -0.000000   0.067889
3185.503422   -0.295204   -0.000000   0.068170
3185.518345   -0.294723   -0.000000   0.068451
3185.533267   -0.294240   -0.000000   0.068734
3185.548190   -0.293756   -0.000000   0.069017
3185.563112   -0.293271   -0.000000   0.069302
3185.578035   -0.292784   -0.000000   0.069588
3185.592958   -0.292296   -0.000000   0.069875
3185.607880   -0.291806   -0.000000   0.070162
3185.622803   -0.291315   -0.000000   0.070451
3185.637725   -0.290823   -0.000000   0.070741
3185.652648   -0.290330   -0.000000   0.071031
3185.667570   -0.289835   -0.000000   0.071323
3185.682493   -0.289339   -0.000000   0.071616
3185.697415   -0.288841   -0.000000   0.071910
3185.712338   -0.288343   -0.000000   0.072205
3185.727260   -0.287843   -0.000000   0.072500
3185.742183   -0.287341   -0.000000   0.072797
3185.757105   -0.286839   -0.000000   0.073095
3185.772028   -0.286335   -0.000000   0.073394
3185.786950   -0.285830   -0.000000   0.073694
3185.801872   -0.285323   -0.000000   0.073995
3185.816795   -0.284816   -0.000000   0.074297
3185.831717   -0.284307   -0.000000   0.074600
3185.846640   -0.283796   -0.000000   0.074904
3185.861562   -0.283285   -0.000000   0.075209
3185.876485   -0.282772   -0.000000   0.075515
3185.891407   -0.282258   -0.000000   0.075822
3185.906330   -0.281743   -0.000000   0.076130
3185.921252   -0.281227   -0.000000   0.076439
3185.936175   -0.280709   -0.000000   0.076749
3185.951097   -0.280190   -0.000000   0.077060
3185.966020   -0.279670   -0.000000   0.077372
3185.980942   -0.279149   -0.000000   0.077685
3185.995865   -0.278627   -0.000000   0.077999
3186.010787   -0.278103   -0.000000   0.078314
3186.025710   -0.277578   -0.000000   0.078630
3186.040632   -0.277052   -0.000000   0.078947
3186.055555   -0.276525   -0.000000   0.079265
3186.070477   -0.275997   -0.000000   0.079584
3186.085400   -0.275467   -0.000000   0.079904
3186.100322   -0.274937   -0.000000   0.080225
3186.115245   -0.274405   -0.000000   0.080548
3186.130167   -0.273872   -0.000000   0.080871
3186.145090   -0.273338   -0.000000   0.081195
3186.160012   -0.272803   -0.000000   0.081520
3186.174935   -0.272267   -0.000000   0.081846
3186.189858   -0.271729   -0.000000   0.082173
3186.204780   -0.271191   -0.000000   0.082501
3186.219703   -0.270651   -0.000000   0.082830
3186.234625   -0.270111   -0.000000   0.083160
3186.249548   -0.269569   -0.000000   0.083491
3186.264470   -0.269026   -0.000000   0.083823
3186.279393   -0.268483   -0.000000   0.084156
3186.294315   -0.267938   -0.000000   0.084490
3186.309238   -0.267392   -0.000000   0.084825
3186.324160   -0.266845   -0.000000   0.085161
3186.339083   -0.266297   -0.000000   0.085498
3186.354005   -0.265748   -0.000000   0.085836
3186.368928   -0.265198   -0.000000   0.086174
3186.383850   -0.264647   -0.000000   0.086514
3186.398772   -0.264095   -0.000000   0.086855
3186.413695   -0.263542   -0.000000   0.087197
3186.428617   -0.262988   -0.000000   0.087539
3186.443540   -0.262433   -0.000000   0.087883
3186.458462   -0.261878   -0.000000   0.088228
3186.473385   -0.261321   -0.000000   0.088573
3186.488307   -0.260763   -0.000000   0.088920
3186.503230   -0.260204   -0.000000   0.089267
3186.518152   -0.259645   -0.000000   0.089615
3186.533075   -0.259084   -0.000000   0.089965
3186.547997   -0.258523   -0.000000   0.090315
3186.562920   -0.257961   -0.000000   0.090666
3186.577842   -0.257397   -0.000000   0.091018
3186.592765   -0.256833   -0.000000   0.091371
3186.607687   -0.256268   -0.000000   0.091725
3186.622610   -0.255703   -0.000000   0.092080
3186.637532   -0.255136   -0.000000   0.092436
3186.652455   -0.254569   -0.000000   0.092793
3186.667377   -0.254000   -0.000000   0.093151
3186.682300   -0.253431   -0.000000   0.093509
3186.697222   -0.252861   -0.000000   0.093869
3186.712145   -0.252291   -0.000000   0.094229
3186.727067   -0.251719   -0.000000   0.094591
3186.741990   -0.251147   -0.000000   0.094953
3186.756912   -0.250574   -0.000000   0.095316
3186.771835   -0.250000   -0.000000   0.095680
3186.786758   -0.249425   -0.000000   0.096045
3186.801680   -0.248850   -0.000000   0.096410
3186.816603   -0.248274   -0.000000   0.096777
3186.831525   -0.247697   -0.000000   0.097145
3186.846448   -0.247120   -0.000000   0.097513
3186.861370   -0.246541   -0.000000   0.097882
3186.876293   -0.245963   -0.000000   0.098252
3186.891215   -0.245383   -0.000000   0.098623
3186.906138   -0.244803   -0.000000   0.098995
3186.921060   -0.244222   -0.000000   0.099368
3186.935983   -0.243640   -0.000000   0.099742
3186.950905   -0.243058   -0.000000   0.100116
3186.965828   -0.242475   -0.000000   0.100491
3186.980750   -0.241892   -0.000000   0.100867
3186.995672   -0.241308   -0.000000   0.101244
3187.010595   -0.240723   -0.000000   0.101622
3187.025517   -0.240138   -0.000000   0.102000
3187.040440   -0.239553   -0.000000   0.102380
3187.055362   -0.238966   -0.000000   0.102760
3187.070285   -0.238379   -0.000000   0.103141
3187.085207   -0.237792   -0.000000   0.103523
3187.100130   -0.237204   -0.000000   0.103905
3187.115052   -0.236616   -0.000000   0.104289
3187.129975   -0.236027   -0.000000   0.104673
3187.144897   -0.235437   -0.000000   0.105058
3187.159820   -0.234847   -0.000000   0.105443
3187.174742   -0.234257   -0.000000   0.105830
3187.189665   -0.233666   -0.000000   0.106217
3187.204587   -0.233075   -0.000000   0.106605
3187.219510   -0.232483   -0.000000   0.106994
3187.234432   -0.231891   -0.000000   0.107383
3187.249355   -0.231298   -0.000000   0.107774
3187.264277   -0.230705   -0.000000   0.108165
3187.279200   -0.230112   -0.000000   0.108557
3187.294122   -0.229518   -0.000000   0.108949
3187.309045   -0.228924   -0.000000   0.109342
3187.323967   -0.228329   -0.000000   0.109736
3187.338890   -0.227734   -0.000000   0.110131
3187.353813   -0.227139   -0.000000   0.110526
3187.368735   -0.226543   -0.000000   0.110922
3187.383658   -0.225948   -0.000000   0.111319
3187.398580   -0.225351   -0.000000   0.111716
3187.413503   -0.224755   -0.000000   0.112115
3187.428425   -0.224158   -0.000000   0.112513
3187.443348   -0.223561   -0.000000   0.112913
3187.458270   -0.222964   -0.000000   0.113313
3187.473193   -0.222367   -0.000000   0.113714
3187.488115   -0.221769   -0.000000   0.114115
3187.503038   -0.221171   -0.000000   0.114517
3187.517960   -0.220573   -0.000000   0.114920
3187.532883   -0.219974   -0.000000   0.115324
3187.547805   -0.219376   -0.000000   0.115728
3187.562728   -0.218777   -0.000000   0.116132
3187.577650   -0.218178   -0.000000   0.116537
3187.592572   -0.217579   -0.000000   0.116943
3187.607495   -0.216980   -0.000000   0.117350
3187.622417   -0.216381   -0.000000   0.117757
3187.637340   -0.215781   -0.000000   0.118165
3187.652262   -0.215182   -0.000000   0.118573
3187.667185   -0.214582   -0.000000   0.118982
3187.682107   -0.213983   -0.000000   0.119391
3187.697030   -0.213383   -0.000000   0.119801
3187.711952   -0.212783   -0.000000   0.120212
3187.726875   -0.212183   -0.000000   0.120623
3187.741797   -0.211583   -0.000000   0.121034
3187.756720   -0.210983   -0.000000   0.121447
3187.771642   -0.210384   -0.000000   0.121859
3187.786565   -0.209784   -0.000000   0.122273
3187.801487   -0.209184   -0.000000   0.122686
3187.816410   -0.208584   -0.000000   0.123101
3187.831332   -0.207984   -0.000000   0.123515
3187.846255   -0.207384   -0.000000   0.123931
3187.861177   -0.206785   -0.000000   0.124346
3187.876100   -0.206185   -0.000000   0.124763
3187.891022   -0.205585   -0.000000   0.125179
3187.905945   -0.204986   -0.000000   0.125597
3187.920867   -0.204386   -0.000000   0.126014
3187.935790   -0.203787   -0.000000   0.126432
3187.950713   -0.203188   -0.000000   0.126851
3187.965635   -0.202589   -0.000000   0.127270
3187.980558   -0.201990   -0.000000   0.127689
3187.995480   -0.201392   -0.000000   0.128109
3188.010403   -0.200793   -0.000000   0.128529
3188.025325   -0.200195   -0.000000   0.128950
3188.040248   -0.199597   -0.000000   0.129371
3188.055170   -0.198999   -0.000000   0.129793
3188.070093   -0.198401   -0.000000   0.130215
3188.085015   -0.197804   -0.000000   0.130637
3188.099938   -0.197207   -0.000000   0.131060
3188.114860   -0.196610   -0.000000   0.131483
3188.129783   -0.196013   -0.000000   0.131906
3188.144705   -0.195417   -0.000000   0.132330
3188.159628   -0.194821   -0.000000   0.132754
3188.174550   -0.194225   -0.000000   0.133178
3188.189472   -0.193630   -0.000000   0.133603
3188.204395   -0.193034   -0.000000   0.134028
3188.219317   -0.192440   -0.000000   0.134453
3188.234240   -0.191845   -0.000000   0.134879
3188.249162   -0.191251   -0.000000   0.135305
3188.264085   -0.190657   -0.000000   0.135731
3188.279007   -0.190064   -0.000000   0.136158
3188.293930   -0.189471   -0.000000   0.136585
3188.308852   -0.188878   -0.000000   0.137012
3188.323775   -0.188286   -0.000000   0.137439
3188.338697   -0.187695   -0.000000   0.137867
3188.353620   -0.187103   -0.000000   0.138295
3188.368542   -0.186513   -0.000000   0.138723
3188.383465   -0.185922   -0.000000   0.139151
3188.398387   -0.185332   -0.000000   0.139580
3188.413310   -0.184743   -0.000000   0.140008
3188.428232   -0.184154   -0.000000   0.140437
3188.443155   -0.183565   -0.000000   0.140867
3188.458077   -0.182978   -0.000000   0.141296
3188.473000   -0.182390   -0.000000   0.141725
3188.487922   -0.181803   -0.000000   0.142155
3188.502845   -0.181217   -0.000000   0.142585
3188.517767   -0.180631   -0.000000   0.143015
3188.532690   -0.180046   -0.000000   0.143445
3188.547613   -0.179461   -0.000000   0.143876
3188.562535   -0.178877   -0.000000   0.144306
3188.577458   -0.178294   -0.000000   0.144737
3188.592380   -0.177711   -0.000000   0.145168
3188.607303   -0.177128   -0.000000   0.145598
3188.622225   -0.176547   -0.000000   0.146029
3188.637148   -0.175966   -0.000000   0.146460
3188.652070   -0.175385   -0.000000   0.146892
3188.666993   -0.174806   -0.000000   0.147323
3188.681915   -0.174227   -0.000000   0.147754
3188.696838   -0.173648   -0.000000   0.148186
3188.711760   -0.173070   -0.000000   0.148617
3188.726683   -0.172493   -0.000000   0.149048
3188.741605   -0.171917   -0.000000   0.149480
3188.756528   -0.171342   -0.000000   0.149912
3188.771450   -0.170767   -0.000000   0.150343
3188.786372   -0.170192   -0.000000   0.150775
3188.801295   -0.169619   -0.000000   0.151206
3188.816217   -0.169046   -0.000000   0.151638
3188.831140   -0.168474   -0.000000   0.152070
3188.846062   -0.167903   -0.000000   0.152501
3188.860985   -0.167333   -0.000000   0.152933
3188.875907   -0.166763   -0.000000   0.153364
3188.890830   -0.166194   -0.000000   0.153796
3188.905752   -0.165626   -0.000000   0.154227
3188.920675   -0.165059   -0.000000   0.154659
3188.935597   -0.164493   -0.000000   0.155090
3188.950520   -0.163927   -0.000000   0.155522
3188.965442   -0.163362   -0.000000   0.155953
3188.980365   -0.162798   -0.000000   0.156384
3188.995287   -0.162235   -0.000000   0.156815
3189.010210   -0.161673   -0.000000   0.157246
3189.025132   -0.161112   -0.000000   0.157677
3189.040055   -0.160551   -0.000000   0.158108
3189.054977   -0.159992   -0.000000   0.158538
3189.069900   -0.159433   -0.000000   0.158969
3189.084822   -0.158875   -0.000000   0.159399
3189.099745   -0.158319   -0.000000   0.159830
3189.114667   -0.157763   -0.000000   0.160260
3189.129590   -0.157208   -0.000000   0.160690
3189.144513   -0.156654   -0.000000   0.161120
3189.159435   -0.156100   -0.000000   0.161549
3189.174358   -0.155548   -0.000000   0.161979
3189.189280   -0.154997   -0.000000   0.162408
3189.204203   -0.154447   -0.000000   0.162837
3189.219125   -0.153897   -0.000000   0.163266
3189.234048   -0.153349   -0.000000   0.163695
3189.248970   -0.152802   -0.000000   0.164123
3189.263893   -0.152255   -0.000000   0.164551
3189.278815   -0.151710   -0.000000   0.164979
3189.293738   -0.151165   -0.000000   0.165407
3189.308660   -0.150622   -0.000000   0.165835
3189.323583   -0.150080   -0.000000   0.166262
3189.338505   -0.149538   -0.000000   0.166689
3189.353428   -0.148998   -0.000000   0.167116
3189.368350   -0.148459   -0.000000   0.167542
3189.383272   -0.147921   -0.000000   0.167968
3189.398195   -0.147384   -0.000000   0.168394
3189.413117   -0.146847   -0.000000   0.168820
3189.428040   -0.146312   -0.000000   0.169245
3189.442962   -0.145778   -0.000000   0.169670
3189.457885   -0.145246   -0.000000   0.170095
3189.472807   -0.144714   -0.000000   0.170519
3189.487730   -0.144183   -0.000000   0.170943
3189.502652   -0.143653   -0.000000   0.171367
3189.517575   -0.143125   -0.000000   0.171791
3189.532497   -0.142597   -0.000000   0.172214
3189.547420   -0.142071   -0.000000   0.172636
3189.562342   -0.141546   -0.000000   0.173059
3189.577265   -0.141022   -0.000000   0.173481
3189.592187   -0.140499   -0.000000   0.173902
3189.607110   -0.139977   -0.000000   0.174324
3189.622032   -0.139457   -0.000000   0.174744
3189.636955   -0.138937   -0.000000   0.175165
3189.651877   -0.138419   -0.000000   0.175585
3189.666800   -0.137901   -0.000000   0.176005
3189.681722   -0.137385   -0.000000   0.176424
3189.696645   -0.136870   -0.000000   0.176843
3189.711568   -0.136357   -0.000000   0.177261
3189.726490   -0.135844   -0.000000   0.177679
3189.741413   -0.135333   -0.000000   0.178097
3189.756335   -0.134823   -0.000000   0.178514
3189.771258   -0.134314   -0.000000   0.178930
3189.786180   -0.133806   -0.000000   0.179346
3189.801103   -0.133299   -0.000000   0.179762
3189.816025   -0.132794   -0.000000   0.180177
3189.830948   -0.132290   -0.000000   0.180592
3189.845870   -0.131787   -0.000000   0.181007
3189.860793   -0.131285   -0.000000   0.181420
3189.875715   -0.130784   -0.000000   0.181834
3189.890638   -0.130285   -0.000000   0.182247
3189.905560   -0.129787   -0.000000   0.182659
3189.920483   -0.129290   -0.000000   0.183071
3189.935405   -0.128794   -0.000000   0.183482
3189.950328   -0.128300   -0.000000   0.183893
3189.965250   -0.127807   -0.000000   0.184303
3189.980172   -0.127315   -0.000000   0.184713
3189.995095   -0.126824   -0.000000   0.185122
3190.010017   -0.126335   -0.000000   0.185531
3190.024940   -0.125847   -0.000000   0.185939
3190.039862   -0.125360   -0.000000   0.186347
3190.054785   -0.124874   -0.000000   0.186754
3190.069707   -0.124390   -0.000000   0.187160
3190.084630   -0.123907   -0.000000   0.187566
3190.099552   -0.123425   -0.000000   0.187971
3190.114475   -0.122944   -0.000000   0.188376
3190.129397   -0.122465   -0.000000   0.188780
3190.144320   -0.121987   -0.000000   0.189184
3190.159242   -0.121510   -0.000000   0.189587
3190.174165   -0.121035   -0.000000   0.189989
3190.189087   -0.120561   -0.000000   0.190391
3190.204010   -0.120088   -0.000000   0.190792
3190.218932   -0.119616   -0.000000   0.191193
3190.233855   -0.119146   -0.000000   0.191593
3190.248777   -0.118677   -0.000000   0.191992
3190.263700   -0.118209   -0.000000   0.192391
3190.278622   -0.117743   -0.000000   0.192789
3190.293545   -0.117278   -0.000000   0.193186
3190.308468   -0.116814   -0.000000   0.193583
3190.323390   -0.116352   -0.000000   0.193979
3190.338313   -0.115890   -0.000000   0.194375
3190.353235   -0.115431   -0.000000   0.194770
3190.368158   -0.114972   -0.000000   0.195164
3190.383080   -0.114515   -0.000000   0.195557
3190.398003   -0.114059   -0.000000   0.195950
3190.412925   -0.113604   -0.000000   0.196342
3190.427848   -0.113151   -0.000000   0.196734
3190.442770   -0.112699   -0.000000   0.197125
3190.457693   -0.112249   -0.000000   0.197515
3190.472615   -0.111799   -0.000000   0.197904
3190.487538   -0.111351   -0.000000   0.198293
3190.502460   -0.110905   -0.000000   0.198681
3190.517383   -0.110459   -0.000000   0.199069
3190.532305   -0.110015   -0.000000   0.199455
3190.547228   -0.109573   -0.000000   0.199841
3190.562150   -0.109131   -0.000000   0.200226
3190.577072   -0.108691   -0.000000   0.200611
3190.591995   -0.108253   -0.000000   0.200995
3190.606917   -0.107815   -0.000000   0.201378
3190.621840   -0.107379   -0.000000   0.201760
3190.636762   -0.106945   -0.000000   0.202142
3190.651685   -0.106511   -0.000000   0.202523
3190.666607   -0.106079   -0.000000   0.202903
3190.681530   -0.105649   -0.000000   0.203282
3190.696452   -0.105219   -0.000000   0.203661
3190.711375   -0.104791   -0.000000   0.204039
3190.726297   -0.104365   -0.000000   0.204416
3190.741220   -0.103939   -0.000000   0.204793
3190.756142   -0.103516   -0.000000   0.205168
3190.771065   -0.103093   -0.000000   0.205543
3190.785987   -0.102672   -0.000000   0.205917
3190.800910   -0.102252   -0.000000   0.206291
3190.815832   -0.101833   -0.000000   0.206664
3190.830755   -0.101416   -0.00