3176.535000   6.103719   1.570796   0.072048
3176.549922   6.097955   1.570796   0.072163
3176.564845   6.092191   1.570796   0.072278
3176.579767   6.086427   1.570796   0.072394
3176.594690   6.080663   1.570796   0.072510
3176.609612   6.074898   1.570796   0.072626
3176.624535   6.069132   1.570796   0.072743
3176.639457   6.063367   1.570796   0.072860
3176.654380   6.057601   1.570796   0.072977
3176.669302   6.051834   1.570796   0.073094
3176.684225   6.046068   1.570796   0.073212
3176.699147   6.040301   1.570796   0.073330
3176.714070   6.034534   1.570796   0.073449
3176.728993   6.028766   1.570796   0.073568
3176.743915   6.022998   1.570796   0.073687
3176.758838   6.017230   1.570796   0.073807
3176.773760   6.011461   1.570796   0.073927
3176.788683   6.005693   1.570796   0.074047
3176.803605   5.999923   1.570796   0.074167
3176.818528   5.994154   1.570796   0.074288
3176.833450   5.988384   1.570796   0.074409
3176.848372   5.982614   1.570796   0.074531
3176.863295   5.976844   1.570796   0.074653
3176.878217   5.971074   1.570796   0.074775
3176.893140   5.965303   1.570796   0.074898
3176.908062   5.959532   1.570796   0.075021
3176.922985   5.953760   1.570796   0.075144
3176.937907   5.947989   1.570796   0.075268
3176.952830   5.942217   1.570796   0.075392
3176.967752   5.936445   1.570796   0.075516
3176.982675   5.930672   1.570796   0.075641
3176.997597   5.924899   1.570796   0.075766
3177.012520   5.919126   1.570796   0.075892
3177.027442   5.913353   1.570796   0.076017
3177.042365   5.907580   1.570796   0.076144
3177.057287   5.901806   1.570796   0.076270
3177.072210   5.896032   1.570796   0.076397
3177.087132   5.890258   1.570796   0.076524
3177.102055   5.884484   1.570796   0.076652
3177.116977   5.878709   1.570796   0.076780
3177.131900   5.872934   1.570796   0.076908
3177.146822   5.867159   1.570796   0.077037
3177.161745   5.861384   1.570796   0.077166
3177.176667   5.855608   1.570796   0.077296
3177.191590   5.849833   1.570796   0.077425
3177.206512   5.844057   1.570796   0.077556
3177.221435   5.838280   1.570796   0.077686
3177.236357   5.832504   1.570796   0.077817
3177.251280   5.826728   1.570796   0.077949
3177.266202   5.820951   1.570796   0.078080
3177.281125   5.815174   1.570796   0.078213
3177.296047   5.809397   1.570796   0.078345
3177.310970   5.803620   1.570796   0.078478
3177.325893   5.797842   1.570796   0.078611
3177.340815   5.792064   1.570796   0.078745
3177.355738   5.786287   1.570796   0.078879
3177.370660   5.780509   1.570796   0.079014
3177.385583   5.774731   1.570796   0.079148
3177.400505   5.768952   1.570796   0.079284
3177.415428   5.763174   1.570796   0.079419
3177.430350   5.757395   1.570796   0.079555
3177.445272   5.751616   1.570796   0.079692
3177.460195   5.745838   1.570796   0.079829
3177.475117   5.740058   1.570796   0.079966
3177.490040   5.734279   1.570796   0.080104
3177.504962   5.728500   1.570796   0.080242
3177.519885   5.722721   1.570796   0.080380
3177.534807   5.716941   1.570796   0.080519
3177.549730   5.711161   1.570796   0.080658
3177.564652   5.705382   1.570796   0.080798
3177.579575   5.699602   1.570796   0.080938
3177.594497   5.693822   1.570796   0.081079
3177.609420   5.688041   1.570796   0.081220
3177.624342   5.682261   1.570796   0.081361
3177.639265   5.676481   1.570796   0.081503
3177.654187   5.670700   1.570796   0.081645
3177.669110   5.664920   1.570796   0.081788
3177.684032   5.659139   1.570796   0.081931
3177.698955   5.653359   1.570796   0.082075
3177.713877   5.647578   1.570796   0.082218
3177.728800   5.641797   1.570796   0.082363
3177.743722   5.636016   1.570796   0.082508
3177.758645   5.630235   1.570796   0.082653
3177.773567   5.624454   1.570796   0.082799
3177.788490   5.618673   1.570796   0.082945
3177.803412   5.612892   1.570796   0.083091
3177.818335   5.607111   1.570796   0.083238
3177.833257   5.601330   1.570796   0.083386
3177.848180   5.595549   1.570796   0.083534
3177.863102   5.589767   1.570796   0.083682
3177.878025   5.583986   1.570796   0.083831
3177.892947   5.578205   1.570796   0.083980
3177.907870   5.572423   1.570796   0.084130
3177.922793   5.566642   1.570796   0.084280
3177.937715   5.560861   1.570796   0.084430
3177.952638   5.555079   1.570796   0.084581
3177.967560   5.549298   1.570796   0.084733
3177.982483   5.543517   1.570796   0.084885
3177.997405   5.537735   1.570796   0.085037
3178.012328   5.531954   1.570796   0.085190
3178.027250   5.526173   1.570796   0.085344
3178.042172   5.520392   1.570796   0.085498
3178.057095   5.514610   1.570796   0.085652
3178.072017   5.508829   1.570796   0.085807
3178.086940   5.503048   1.570796   0.085962
3178.101862   5.497267   1.570796   0.086118
3178.116785   5.491486   1.570796   0.086274
3178.131707   5.485705   1.570796   0.086431
3178.146630   5.479924   1.570796   0.086588
3178.161552   5.474143   1.570796   0.086745
3178.176475   5.468362   1.570796   0.086904
3178.191397   5.462581   1.570796   0.087062
3178.206320   5.456800   1.570796   0.087221
3178.221242   5.451020   1.570796   0.087381
3178.236165   5.445239   1.570796   0.087541
3178.251087   5.439459   1.570796   0.087702
3178.266010   5.433679   1.570796   0.087863
3178.280932   5.427898   1.570796   0.088025
3178.295855   5.422118   1.570796   0.088187
3178.310777   5.416338   1.570796   0.088349
3178.325700   5.410558   1.570796   0.088512
3178.340622   5.404778   1.570796   0.088676
3178.355545   5.398999   1.570796   0.088840
3178.370467   5.393219   1.570796   0.089005
3178.385390   5.387440   1.570796   0.089170
3178.400312   5.381661   1.570796   0.089336
3178.415235   5.375882   1.570796   0.089502
3178.430157   5.370103   1.570796   0.089669
3178.445080   5.364324   1.570796   0.089836
3178.460002   5.358545   1.570796   0.090004
3178.474925   5.352767   1.570796   0.090172
3178.489847   5.346989   1.570796   0.090341
3178.504770   5.341211   1.570796   0.090510
3178.519693   5.335433   1.570796   0.090680
3178.534615   5.329655   1.570796   0.090851
3178.549538   5.323878   1.570796   0.091022
3178.564460   5.318100   1.570796   0.091193
3178.579383   5.312323   1.570796   0.091365
3178.594305   5.306546   1.570796   0.091538
3178.609228   5.300770   1.570796   0.091711
3178.624150   5.294993   1.570796   0.091885
3178.639072   5.289217   1.570796   0.092059
3178.653995   5.283441   1.570796   0.092234
3178.668917   5.277666   1.570796   0.092410
3178.683840   5.271890   1.570796   0.092585
3178.698762   5.266115   1.570796   0.092762
3178.713685   5.260340   1.570796   0.092939
3178.728607   5.254565   1.570796   0.093117
3178.743530   5.248791   1.570796   0.093295
3178.758452   5.243017   1.570796   0.093474
3178.773375   5.237243   1.570796   0.093653
3178.788297   5.231470   1.570796   0.093833
3178.803220   5.225696   1.570796   0.094014
3178.818142   5.219923   1.570796   0.094195
3178.833065   5.214151   1.570796   0.094376
3178.847987   5.208379   1.570796   0.094559
3178.862910   5.202607   1.570796   0.094741
3178.877832   5.196835   1.570796   0.094925
3178.892755   5.191064   1.570796   0.095109
3178.907677   5.185293   1.570796   0.095294
3178.922600   5.179522   1.570796   0.095479
3178.937522   5.173752   1.570796   0.095665
3178.952445   5.167982   1.570796   0.095851
3178.967367   5.162212   1.570796   0.096038
3178.982290   5.156443   1.570796   0.096226
3178.997212   5.150674   1.570796   0.096414
3179.012135   5.144906   1.570796   0.096603
3179.027057   5.139138   1.570796   0.096793
3179.041980   5.133370   1.570796   0.096983
3179.056902   5.127603   1.570796   0.097173
3179.071825   5.121836   1.570796   0.097365
3179.086748   5.116070   1.570796   0.097557
3179.101670   5.110304   1.570796   0.097749
3179.116593   5.104539   1.570796   0.097943
3179.131515   5.098773   1.570796   0.098137
3179.146438   5.093009   1.570796   0.098331
3179.161360   5.087245   1.570796   0.098526
3179.176283   5.081481   1.570796   0.098722
3179.191205   5.075718   1.570796   0.098919
3179.206128   5.069955   1.570796   0.099116
3179.221050   5.064193   1.570796   0.099313
3179.235972   5.058431   1.570796   0.099512
3179.250895   5.052669   1.570796   0.099711
3179.265817   5.046909   1.570796   0.099911
3179.280740   5.041148   1.570796   0.100111
3179.295662   5.035388   1.570796   0.100312
3179.310585   5.029629   1.570796   0.100514
3179.325507   5.023870   1.570796   0.100716
3179.340430   5.018112   1.570796   0.100919
3179.355352   5.012355   1.570796   0.101123
3179.370275   5.006597   1.570796   0.101327
3179.385197   5.000841   1.570796   0.101533
3179.400120   4.995085   1.570796   0.101738
3179.415042   4.989329   1.570796   0.101945
3179.429965   4.983575   1.570796   0.102152
3179.444887   4.977820   1.570796   0.102360
3179.459810   4.972067   1.570796   0.102569
3179.474732   4.966314   1.570796   0.102778
3179.489655   4.960561   1.570796   0.102988
3179.504577   4.954809   1.570796   0.103198
3179.519500   4.949058   1.570796   0.103410
3179.534422   4.943307   1.570796   0.103622
3179.549345   4.937557   1.570796   0.103835
3179.564267   4.931808   1.570796   0.104048
3179.579190   4.926059   1.570796   0.104263
3179.594112   4.920311   1.570796   0.104478
3179.609035   4.914564   1.570796   0.104693
3179.623957   4.908817   1.570796   0.104910
3179.638880   4.903072   1.570796   0.105127
3179.653802   4.897326   1.570796   0.105345
3179.668725   4.891582   1.570796   0.105564
3179.683648   4.885838   1.570796   0.105783
3179.698570   4.880095   1.570796   0.106003
3179.713493   4.874352   1.570796   0.106224
3179.728415   4.868611   1.570796   0.106446
3179.743338   4.862870   1.570796   0.106668
3179.758260   4.857129   1.570796   0.106891
3179.773183   4.851390   1.570796   0.107115
3179.788105   4.845651   1.570796   0.107340
3179.803028   4.839914   1.570796   0.107566
3179.817950   4.834176   1.570796   0.107792
3179.832872   4.828440   1.570796   0.108019
3179.847795   4.822705   1.570796   0.108247
3179.862717   4.816970   1.570796   0.108475
3179.877640   4.811236   1.570796   0.108705
3179.892562   4.805503   1.570796   0.108935
3179.907485   4.799771   1.570796   0.109166
3179.922407   4.794039   1.570796   0.109398
3179.937330   4.788309   1.570796   0.109630
3179.952252   4.782579   1.570796   0.109864
3179.967175   4.776850   1.570796   0.110098
3179.982097   4.771122   1.570796   0.110333
3179.997020   4.765395   1.570796   0.110569
3180.011942   4.759669   1.570796   0.110805
3180.026865   4.753944   1.570796   0.111043
3180.041787   4.748219   1.570796   0.111281
3180.056710   4.742496   1.570796   0.111520
3180.071632   4.736774   1.570796   0.111760
3180.086555   4.731052   1.570796   0.112001
3180.101477   4.725331   1.570796   0.112243
3180.116400   4.719612   1.570796   0.112485
3180.131322   4.713893   1.570796   0.112729
3180.146245   4.708175   1.570796   0.112973
3180.161167   4.702459   1.570796   0.113218
3180.176090   4.696743   1.570796   0.113464
3180.191012   4.691028   1.570796   0.113711
3180.205935   4.685314   1.570796   0.113958
3180.220857   4.679602   1.570796   0.114207
3180.235780   4.673890   1.570796   0.114456
3180.250702   4.668179   1.570796   0.114706
3180.265625   4.662470   1.570796   0.114958
3180.280548   4.656761   1.570796   0.115210
3180.295470   4.651054   1.570796   0.115463
3180.310393   4.645347   1.570796   0.115717
3180.325315   4.639642   1.570796   0.115971
3180.340238   4.633938   1.570796   0.116227
3180.355160   4.628235   1.570796   0.116483
3180.370083   4.622533   1.570796   0.116741
3180.385005   4.616832   1.570796   0.116999
3180.399928   4.611132   1.570796   0.117259
3180.414850   4.605434   1.570796   0.117519
3180.429772   4.599736   1.570796   0.117780
3180.444695   4.594040   1.570796   0.118042
3180.459617   4.588345   1.570796   0.118305
3180.474540   4.582651   1.570796   0.118569
3180.489462   4.576958   1.570796   0.118834
3180.504385   4.571267   1.570796   0.119100
3180.519307   4.565577   1.570796   0.119367
3180.534230   4.559888   1.570796   0.119635
3180.549152   4.554200   1.570796   0.119903
3180.564075   4.548513   1.570796   0.120173
3180.578997   4.542828   1.570796   0.120444
3180.593920   4.537144   1.570796   0.120715
3180.608842   4.531461   1.570796   0.120988
3180.623765   4.525780   1.570796   0.121262
3180.638687   4.520100   1.570796   0.121536
3180.653610   4.514421   1.570796   0.121812
3180.668532   4.508743   1.570796   0.122089
3180.683455   4.503067   1.570796   0.122366
3180.698377   4.497392   1.570796   0.122645
3180.713300   4.491719   1.570796   0.122924
3180.728222   4.486047   1.570796   0.123205
3180.743145   4.480376   1.570796   0.123487
3180.758067   4.474706   1.570796   0.123769
3180.772990   4.469038   1.570796   0.124053
3180.787912   4.463372   1.570796   0.124338
3180.802835   4.457707   1.570796   0.124624
3180.817757   4.452043   1.570796   0.124911
3180.832680   4.446381   1.570796   0.125199
3180.847602   4.440720   1.570796   0.125487
3180.862525   4.435061   1.570796   0.125777
3180.877448   4.429403   1.570796   0.126069
3180.892370   4.423746   1.570796   0.126361
3180.907293   4.418091   1.570796   0.126654
3180.922215   4.412438   1.570796   0.126948
3180.937138   4.406786   1.570796   0.127244
3180.952060   4.401136   1.570796   0.127540
3180.966983   4.395487   1.570796   0.127838
3180.981905   4.389840   1.570796   0.128136
3180.996828   4.384194   1.570796   0.128436
3181.011750   4.378550   1.570796   0.128737
3181.026672   4.372907   1.570796   0.129039
3181.041595   4.367267   1.570796   0.129342
3181.056517   4.361627   1.570796   0.129646
3181.071440   4.355990   1.570796   0.129952
3181.086362   4.350354   1.570796   0.130258
3181.101285   4.344719   1.570796   0.130566
3181.116207   4.339086   1.570796   0.130874
3181.131130   4.333455   1.570796   0.131184
3181.146052   4.327826   1.570796   0.131495
3181.160975   4.322198   1.570796   0.131808
3181.175897   4.316572   1.570796   0.132121
3181.190820   4.310948   1.570796   0.132436
3181.205742   4.305326   1.570796   0.132751
3181.220665   4.299705   1.570796   0.133068
3181.235587   4.294086   1.570796   0.133387
3181.250510   4.288469   1.570796   0.133706
3181.265432   4.282853   1.570796   0.134026
3181.280355   4.277240   1.570796   0.134348
3181.295277   4.271628   1.570796   0.134671
3181.310200   4.266018   1.570796   0.134995
3181.325122   4.260410   1.570796   0.135320
3181.340045   4.254803   1.570796   0.135647
3181.354967   4.249199   1.570796   0.135975
3181.369890   4.243596   1.570796   0.136304
3181.384812   4.237996   1.570796   0.136634
3181.399735   4.232397   1.570796   0.136966
3181.414657   4.226800   1.570796   0.137299
3181.429580   4.221205   1.570796   0.137633
3181.444502   4.215612   1.570796   0.137968
3181.459425   4.210021   1.570796   0.138305
3181.474348   4.204432   1.570796   0.138642
3181.489270   4.198845   1.570796   0.138982
3181.504193   4.193260   1.570796   0.139322
3181.519115   4.187677   1.570796   0.139664
3181.534038   4.182096   1.570796   0.140007
3181.548960   4.176517   1.570796   0.140351
3181.563883   4.170940   1.570796   0.140697
3181.578805   4.165365   1.570796   0.141044
3181.593728   4.159792   1.570796   0.141392
3181.608650   4.154221   1.570796   0.141742
3181.623572   4.148652   1.570796   0.142093
3181.638495   4.143086   1.570796   0.142445
3181.653417   4.137521   1.570796   0.142799
3181.668340   4.131959   1.570796   0.143154
3181.683262   4.126399   1.570796   0.143510
3181.698185   4.120841   1.570796   0.143868
3181.713107   4.115285   1.570796   0.144227
3181.728030   4.109732   1.570796   0.144588
3181.742952   4.104180   1.570796   0.144949
3181.757875   4.098631   1.570796   0.145313
3181.772797   4.093084   1.570796   0.145677
3181.787720   4.087540   1.570796   0.146044
3181.802642   4.081997   1.570796   0.146411
3181.817565   4.076457   1.570796   0.146780
3181.832487   4.070919   1.570796   0.147150
3181.847410   4.065384   1.570796   0.147522
3181.862332   4.059851   1.570796   0.147895
3181.877255   4.054320   1.570796   0.148270
3181.892177   4.048792   1.570796   0.148646
3181.907100   4.043266   1.570796   0.149024
3181.922022   4.037742   1.570796   0.149403
3181.936945   4.032221   1.570796   0.149784
3181.951867   4.026702   1.570796   0.150166
3181.966790   4.021186   1.570796   0.150549
3181.981712   4.015672   1.570796   0.150934
3181.996635   4.010160   1.570796   0.151321
3182.011557   4.004651   1.570796   0.151709
3182.026480   3.999145   1.570796   0.152098
3182.041403   3.993641   1.570796   0.152489
3182.056325   3.988139   1.570796   0.152882
3182.071248   3.982640   1.570796   0.153276
3182.086170   3.977144   1.570796   0.153672
3182.101093   3.971650   1.570796   0.154069
3182.116015   3.966159   1.570796   0.154468
3182.130938   3.960670   1.570796   0.154868
3182.145860   3.955184   1.570796   0.155270
3182.160783   3.949701   1.570796   0.155674
3182.175705   3.944220   1.570796   0.156079
3182.190628   3.938742   1.570796   0.156485
3182.205550   3.933267   1.570796   0.156894
3182.220472   3.927794   1.570796   0.157304
3182.235395   3.922324   1.570796   0.157715
3182.250317   3.916857   1.570796   0.158128
3182.265240   3.911392   1.570796   0.158543
3182.280162   3.905931   1.570796   0.158960
3182.295085   3.900472   1.570796   0.159378
3182.310007   3.895016   1.570796   0.159797
3182.324930   3.889562   1.570796   0.160219
3182.339852   3.884112   1.570796   0.160642
3182.354775   3.878664   1.570796   0.161067
3182.369697   3.873219   1.570796   0.161493
3182.384620   3.867778   1.570796   0.161921
3182.399542   3.862339   1.570796   0.162351
3182.414465   3.856902   1.570796   0.162783
3182.429387   3.851469   1.570796   0.163216
3182.444310   3.846039   1.570796   0.163651
3182.459232   3.840612   1.570796   0.164088
3182.474155   3.835187   1.570796   0.164526
3182.489077   3.829766   1.570796   0.164966
3182.504000   3.824348   1.570796   0.165408
3182.518922   3.818933   1.570796   0.165852
3182.533845   3.813520   1.570796   0.166298
3182.548767   3.808111   1.570796   0.166745
3182.563690   3.802705   1.570796   0.167194
3182.578612   3.797302   1.570796   0.167645
3182.593535   3.791902   1.570796   0.168098
3182.608457   3.786506   1.570796   0.168552
3182.623380   3.781112   1.570796   0.169009
3182.638303   3.775722   1.570796   0.169467
3182.653225   3.770334   1.570796   0.169927
3182.668148   3.764950   1.570796   0.170389
3182.683070   3.759570   1.570796   0.170852
3182.697993   3.754192   1.570796   0.171318
3182.712915   3.748818   1.570796   0.171786
3182.727838   3.743447   1.570796   0.172255
3182.742760   3.738079   1.570796   0.172726
3182.757683   3.732714   1.570796   0.173199
3182.772605   3.727353   1.570796   0.173674
3182.787528   3.721996   1.570796   0.174151
3182.802450   3.716641   1.570796   0.174630
3182.817372   3.711290   1.570796   0.175111
3182.832295   3.705942   1.570796   0.175594
3182.847217   3.700598   1.570796   0.176079
3182.862140   3.695257   1.570796   0.176566
3182.877062   3.689920   1.570796   0.177054
3182.891985   3.684586   1.570796   0.177545
3182.906907   3.679256   1.570796   0.178038
3182.921830   3.673929   1.570796   0.178532
3182.936752   3.668606   1.570796   0.179029
3182.951675   3.663286   1.570796   0.179528
3182.966597   3.657970   1.570796   0.180029
3182.981520   3.652657   1.570796   0.180532
3182.996442   3.647348   1.570796   0.181036
3183.011365   3.642043   1.570796   0.181543
3183.026287   3.636741   1.570796   0.182052
3183.041210   3.631443   1.570796   0.182563
3183.056132   3.626149   1.570796   0.183077
3183.071055   3.620858   1.570796   0.183592
3183.085977   3.615571   1.570796   0.184109
3183.100900   3.610288   1.570796   0.184629
3183.115822   3.605008   1.570796   0.185150
3183.130745   3.599732   1.570796   0.185674
3183.145667   3.594460   1.570796   0.186200
3183.160590   3.589192   1.570796   0.186728
3183.175512   3.583928   1.570796   0.187258
3183.190435   3.578667   1.570796   0.187790
3183.205357   3.573411   1.570796   0.188325
3183.220280   3.568158   1.570796   0.188862
3183.235203   3.562909   1.570796   0.189401
3183.250125   3.557664   1.570796   0.189942
3183.265048   3.552424   1.570796   0.190485
3183.279970   3.547187   1.570796   0.191031
3183.294893   3.541954   1.570796   0.191579
3183.309815   3.536725   1.570796   0.192129
3183.324738   3.531500   1.570796   0.192681
3183.339660   3.526279   1.570796   0.193236
3183.354583   3.521062   1.570796   0.193793
3183.369505   3.515849   1.570796   0.194352
3183.384428   3.510641   1.570796   0.194914
3183.399350   3.505436   1.570796   0.195478
3183.414272   3.500236   1.570796   0.196044
3183.429195   3.495040   1.570796   0.196613
3183.444117   3.489848   1.570796   0.197184
3183.459040   3.484660   1.570796   0.197757
3183.473962   3.479476   1.570796   0.198333
3183.488885   3.474297   1.570796   0.198911
3183.503807   3.469122   1.570796   0.199491
3183.518730   3.463951   1.570796   0.200074
3183.533652   3.458785   1.570796   0.200659
3183.548575   3.453623   1.570796   0.201247
3183.563497   3.448465   1.570796   0.201837
3183.578420   3.443312   1.570796   0.202430
3183.593342   3.438163   1.570796   0.203025
3183.608265   3.433018   1.570796   0.203622
3183.623187   3.427878   1.570796   0.204222
3183.638110   3.422742   1.570796   0.204825
3183.653032   3.417611   1.570796   0.205430
3183.667955   3.412484   1.570796   0.206037
3183.682877   3.407362   1.570796   0.206647
3183.697800   3.402245   1.570796   0.207260
3183.712722   3.397131   1.570796   0.207875
3183.727645   3.392023   1.570796   0.208493
3183.742567   3.386919   1.570796   0.209113
3183.757490   3.381820   1.570796   0.209736
3183.772412   3.376725   1.570796   0.210361
3183.787335   3.371635   1.570796   0.210989
3183.802257   3.366550   1.570796   0.211620
3183.817180   3.361469   1.570796   0.212253
3183.832103   3.356393   1.570796   0.212889
3183.847025   3.351322   1.570796   0.213528
3183.861948   3.346256   1.570796   0.214169
3183.876870   3.341194   1.570796   0.214813
3183.891793   3.336137   1.570796   0.215459
3183.906715   3.331085   1.570796   0.216109
3183.921638   3.326038   1.570796   0.216761
3183.936560   3.320996   1.570796   0.217416
3183.951483   3.315959   1.570796   0.218073
3183.966405   3.310926   1.570796   0.218733
3183.981328   3.305899   1.570796   0.219396
3183.996250   3.300876   1.570796   0.220062
3184.011172   3.295859   1.570796   0.220731
3184.026095   3.290846   1.570796   0.221402
3184.041017   3.285839   1.570796   0.222076
3184.055940   3.280836   1.570796   0.222753
3184.070862   3.275839   1.570796   0.223433
3184.085785   3.270847   1.570796   0.224116
3184.100707   3.265860   1.570796   0.224802
3184.115630   3.260878   1.570796   0.225490
3184.130552   3.255901   1.570796   0.226181
3184.145475   3.250929   1.570796   0.226875
3184.160397   3.245962   1.570796   0.227573
3184.175320   3.241001   1.570796   0.228273
3184.190242   3.236045   1.570796   0.228976
3184.205165   3.231094   1.570796   0.229682
3184.220087   3.226149   1.570796   0.230391
3184.235010   3.221209   1.570796   0.231102
3184.249932   3.216274   1.570796   0.231817
3184.264855   3.211344   1.570796   0.232535
3184.279777   3.206420   1.570796   0.233256
3184.294700   3.201502   1.570796   0.233980
3184.309622   3.196588   1.570796   0.234707
3184.324545   3.191680   1.570796   0.235437
3184.339467   3.186778   1.570796   0.236170
3184.354390   3.181881   1.570796   0.236906
3184.369312   3.176990   1.570796   0.237645
3184.384235   3.172104   1.570796   0.238388
3184.399158   3.167223   1.570796   0.239133
3184.414080   3.162349   1.570796   0.239882
3184.429003   3.157479   1.570796   0.240633
3184.443925   3.152616   1.570796   0.241388
3184.458848   3.147758   1.570796   0.242146
3184.473770   3.142906   1.570796   0.242908
3184.488693   3.138059   1.570796   0.243672
3184.503615   3.133218   1.570796   0.244440
3184.518538   3.128383   1.570796   0.245211
3184.533460   3.123554   1.570796   0.245985
3184.548383   3.118730   1.570796   0.246762
3184.563305   3.113912   1.570796   0.247543
3184.578228   3.109100   1.570796   0.248327
3184.593150   3.104294   1.570796   0.249114
3184.608072   3.099494   1.570796   0.249904
3184.622995   3.094699   1.570796   0.250698
3184.637917   3.089911   1.570796   0.251495
3184.652840   3.085128   1.570796   0.252296
3184.667762   3.080352   1.570796   0.253100
3184.682685   3.075581   1.570796   0.253907
3184.697607   3.070816   1.570796   0.254718
3184.712530   3.066058   1.570796   0.255532
3184.727452   3.061305   1.570796   0.256349
3184.742375   3.056558   1.570796   0.257170
3184.757297   3.051818   1.570796   0.257995
3184.772220   3.047084   1.570796   0.258822
3184.787142   3.042355   1.570796   0.259654
3184.802065   3.037633   1.570796   0.260488
3184.816987   3.032917   1.570796   0.261327
3184.831910   3.028207   1.570796   0.262169
3184.846832   3.023504   1.570796   0.263014
3184.861755   3.018807   1.570796   0.263863
3184.876677   3.014116   1.570796   0.264715
3184.891600   3.009431   1.570796   0.265571
3184.906522   3.004752   1.570796   0.266431
3184.921445   3.000080   1.570796   0.267294
3184.936367   2.995414   1.570796   0.268161
3184.951290   2.990755   1.570796   0.269031
3184.966212   2.986102   1.570796   0.269905
3184.981135   2.981455   1.570796   0.270783
3184.996058   2.976815   1.570796   0.271665
3185.010980   2.972181   1.570796   0.272550
3185.025903   2.967554   1.570796   0.273439
3185.040825   2.962933   1.570796   0.274331
3185.055748   2.958319   1.570796   0.275227
3185.070670   2.953711   1.570796   0.276127
3185.085593   2.949110   1.570796   0.277031
3185.100515   2.944515   1.570796   0.277939
3185.115438   2.939927   1.570796   0.278850
3185.130360   2.935346   1.570796   0.279765
3185.145283   2.930771   1.570796   0.280684
3185.160205   2.926203   1.570796   0.281607
3185.175128   2.921642   1.570796   0.282534
3185.190050   2.917087   1.570796   0.283464
3185.204972   2.912540   1.570796   0.284399
3185.219895   2.907998   1.570796   0.285337
3185.234817   2.903464   1.570796   0.286279
3185.249740   2.898937   1.570796   0.287225
3185.264662   2.894416   1.570796   0.288176
3185.279585   2.889902   1.570796   0.289130
3185.294507   2.885395   1.570796   0.290088
3185.309430   2.880895   1.570796   0.291050
3185.324352   2.876401   1.570796   0.292016
3185.339275   2.871915   1.570796   0.292986
3185.354197   2.867436   1.570796   0.293960
3185.369120   2.862963   1.570796   0.294938
3185.384042   2.858498   1.570796   0.295920
3185.398965   2.854040   1.570796   0.296906
3185.413887   2.849588   1.570796   0.297896
3185.428810   2.845144   1.570796   0.298891
3185.443732   2.840707   1.570796   0.299889
3185.458655   2.836276   1.570796   0.300892
3185.473577   2.831853   1.570796   0.301899
3185.488500   2.827437   1.570796   0.302910
3185.503422   2.823029   1.570796   0.303925
3185.518345   2.818627   1.570796   0.304944
3185.533267   2.814233   1.570796   0.305968
3185.548190   2.809845   1.570796   0.306996
3185.563112   2.805466   1.570796   0.308028
3185.578035   2.801093   1.570796   0.309064
3185.592958   2.796727   1.570796   0.310105
3185.607880   2.792369   1.570796   0.311149
3185.622803   2.788018   1.570796   0.312199
3185.637725   2.783675   1.570796   0.313252
3185.652648   2.779339   1.570796   0.314310
3185.667570   2.775010   1.570796   0.315372
3185.682493   2.770689   1.570796   0.316439
3185.697415   2.766375   1.570796   0.317509
3185.712338   2.762068   1.570796   0.318585
3185.727260   2.757769   1.570796   0.319664
3185.742183   2.753478   1.570796   0.320748
3185.757105   2.749193   1.570796   0.321837
3185.772028   2.744917   1.570796   0.322930
3185.786950   2.740648   1.570796   0.324027
3185.801872   2.736386   1.570796   0.325129
3185.816795   2.732132   1.570796   0.326236
3185.831717   2.727886   1.570796   0.327347
3185.846640   2.723647   1.570796   0.328462
3185.861562   2.719416   1.570796   0.329582
3185.876485   2.715193   1.570796   0.330707
3185.891407   2.710977   1.570796   0.331836
3185.906330   2.706769   1.570796   0.332970
3185.921252   2.702568   1.570796   0.334108
3185.936175   2.698375   1.570796   0.335251
3185.951097   2.694190   1.570796   0.336399
3185.966020   2.690013   1.570796   0.337551
3185.980942   2.685844   1.570796   0.338708
3185.995865   2.681682   1.570796   0.339869
3186.010787   2.677528   1.570796   0.341036
3186.025710   2.673382   1.570796   0.342207
3186.040632   2.669244   1.570796   0.343382
3186.055555   2.665113   1.570796   0.344563
3186.070477   2.660991   1.570796   0.345748
3186.085400   2.656876   1.570796   0.346938
3186.100322   2.652770   1.570796   0.348133
3186.115245   2.648671   1.570796   0.349332
3186.130167   2.644580   1.570796   0.350537
3186.145090   2.640497   1.570796   0.351746
3186.160012   2.636422   1.570796   0.352960
3186.174935   2.632355   1.570796   0.354179
3186.189858   2.628296   1.570796   0.355403
3186.204780   2.624245   1.570796   0.356631
3186.219703   2.620203   1.570796   0.357865
3186.234625   2.616168   1.570796   0.359104
3186.249548   2.612141   1.570796   0.360347
3186.264470   2.608123   1.570796   0.361595
3186.279393   2.604112   1.570796   0.362849
3186.294315   2.600110   1.570796   0.364107
3186.309238   2.596116   1.570796   0.365370
3186.324160   2.592129   1.570796   0.366639
3186.339083   2.588152   1.570796   0.367912
3186.354005   2.584182   1.570796   0.369190
3186.368928   2.580220   1.570796   0.370474
3186.383850   2.576267   1.570796   0.371762
3186.398772   2.572322   1.570796   0.373056
3186.413695   2.568385   1.570796   0.374354
3186.428617   2.564456   1.570796   0.375658
3186.443540   2.560536   1.570796   0.376967
3186.458462   2.556624   1.570796   0.378281
3186.473385   2.552720   1.570796   0.379600
3186.488307   2.548825   1.570796   0.380924
3186.503230   2.544938   1.570796   0.382254
3186.518152   2.541059   1.570796   0.383589
3186.533075   2.537189   1.570796   0.384928
3186.547997   2.533327   1.570796   0.386274
3186.562920   2.529473   1.570796   0.387624
3186.577842   2.525628   1.570796   0.388979
3186.592765   2.521791   1.570796   0.390340
3186.607687   2.517963   1.570796   0.391706
3186.622610   2.514143   1.570796   0.393078
3186.637532   2.510331   1.570796   0.394455
3186.652455   2.506528   1.570796   0.395837
3186.667377   2.502734   1.570796   0.397224
3186.682300   2.498948   1.570796   0.398617
3186.697222   2.495170   1.570796   0.400015
3186.712145   2.491401   1.570796   0.401418
3186.727067   2.487641   1.570796   0.402827
3186.741990   2.483889   1.570796   0.404241
3186.756912   2.480145   1.570796   0.405661
3186.771835   2.476410   1.570796   0.407086
3186.786758   2.472684   1.570796   0.408517
3186.801680   2.468966   1.570796   0.409952
3186.816603   2.465257   1.570796   0.411394
3186.831525   2.461556   1.570796   0.412841
3186.846448   2.457864   1.570796   0.414293
3186.861370   2.454181   1.570796   0.415751
3186.876293   2.450506   1.570796   0.417214
3186.891215   2.446840   1.570796   0.418683
3186.906138   2.443183   1.570796   0.420158
3186.921060   2.439534   1.570796   0.421638
3186.935983   2.435894   1.570796   0.423124
3186.950905   2.432263   1.570796   0.424615
3186.965828   2.428640   1.570796   0.426112
3186.980750   2.425026   1.570796   0.427614
3186.995672   2.421421   1.570796   0.429122
3187.010595   2.417824   1.570796   0.430636
3187.025517   2.414236   1.570796   0.432155
3187.040440   2.410657   1.570796   0.433680
3187.055362   2.407087   1.570796   0.435210
3187.070285   2.403525   1.570796   0.436747
3187.085207   2.399973   1.570796   0.438289
3187.100130   2.396428   1.570796   0.439836
3187.115052   2.392893   1.570796   0.441390
3187.129975   2.389367   1.570796   0.442949
3187.144897   2.385849   1.570796   0.444514
3187.159820   2.382340   1.570796   0.446084
3187.174742   2.378840   1.570796   0.447661
3187.189665   2.375349   1.570796   0.449243
3187.204587   2.371866   1.570796   0.450831
3187.219510   2.368393   1.570796   0.452424
3187.234432   2.364928   1.570796   0.454024
3187.249355   2.361472   1.570796   0.455629
3187.264277   2.358025   1.570796   0.457240
3187.279200   2.354586   1.570796   0.458857
3187.294122   2.351157   1.570796   0.460480
3187.309045   2.347736   1.570796   0.462109
3187.323967   2.344325   1.570796   0.463744
3187.338890   2.340922   1.570796   0.465384
3187.353813   2.337528   1.570796   0.467030
3187.368735   2.334143   1.570796   0.468683
3187.383658   2.330767   1.570796   0.470341
3187.398580   2.327400   1.570796   0.472005
3187.413503   2.324041   1.570796   0.473675
3187.428425   2.320692   1.570796   0.475351
3187.443348   2.317351   1.570796   0.477033
3187.458270   2.314020   1.570796   0.478721
3187.473193   2.310697   1.570796   0.480415
3187.488115   2.307383   1.570796   0.482115
3187.503038   2.304078   1.570796   0.483821
3187.517960   2.300782   1.570796   0.485533
3187.532883   2.297495   1.570796   0.487250
3187.547805   2.294217   1.570796   0.488974
3187.562728   2.290948   1.570796   0.490704
3187.577650   2.287688   1.570796   0.492440
3187.592572   2.284436   1.570796   0.494182
3187.607495   2.281194   1.570796   0.495931
3187.622417   2.277961   1.570796   0.497685
3187.637340   2.274736   1.570796   0.499445
3187.652262   2.271521   1.570796   0.501211
3187.667185   2.268314   1.570796   0.502984
3187.682107   2.265116   1.570796   0.504762
3187.697030   2.261928   1.570796   0.506547
3187.711952   2.258748   1.570796   0.508338
3187.726875   2.255577   1.570796   0.510135
3187.741797   2.252415   1.570796   0.511938
3187.756720   2.249262   1.570796   0.513747
3187.771642   2.246119   1.570796   0.515562
3187.786565   2.242984   1.570796   0.517384
3187.801487   2.239858   1.570796   0.519212
3187.816410   2.236741   1.570796   0.521045
3187.831332   2.233632   1.570796   0.522886
3187.846255   2.230533   1.570796   0.524732
3187.861177   2.227443   1.570796   0.526584
3187.876100   2.224362   1.570796   0.528443
3187.891022   2.221289   1.570796   0.530308
3187.905945   2.218226   1.570796   0.532179
3187.920867   2.215172   1.570796   0.534056
3187.935790   2.212126   1.570796   0.535940
3187.950713   2.209090   1.570796   0.537830
3187.965635   2.206062   1.570796   0.539726
3187.980558   2.203043   1.570796   0.541628
3187.995480   2.200034   1.570796   0.543537
3188.010403   2.197033   1.570796   0.545451
3188.025325   2.194041   1.570796   0.547373
3188.040248   2.191058   1.570796   0.549300
3188.055170   2.188084   1.570796   0.551234
3188.070093   2.185119   1.570796   0.553174
3188.085015   2.182163   1.570796   0.555120
3188.099938   2.179215   1.570796   0.557072
3188.114860   2.176277   1.570796   0.559031
3188.129783   2.173348   1.570796   0.560997
3188.144705   2.170427   1.570796   0.562968
3188.159628   2.167515   1.570796   0.564946
3188.174550   2.164613   1.570796   0.566930
3188.189472   2.161719   1.570796   0.568921
3188.204395   2.158834   1.570796   0.570917
3188.219317   2.155958   1.570796   0.572921
3188.234240   2.153090   1.570796   0.574930
3188.249162   2.150232   1.570796   0.576946
3188.264085   2.147382   1.570796   0.578968
3188.279007   2.144542   1.570796   0.580997
3188.293930   2.141710   1.570796   0.583032
3188.308852   2.138887   1.570796   0.585073
3188.323775   2.136073   1.570796   0.587121
3188.338697   2.133268   1.570796   0.589175
3188.353620   2.130471   1.570796   0.591236
3188.368542   2.127684   1.570796   0.593303
3188.383465   2.124905   1.570796   0.595376
3188.398387   2.122135   1.570796   0.597456
3188.413310   2.119373   1.570796   0.599542
3188.428232   2.116621   1.570796   0.601634
3188.443155   2.113877   1.570796   0.603733
3188.458077   2.111142   1.570796   0.605838
3188.473000   2.108416   1.570796   0.607950
3188.487922   2.105699   1.570796   0.610068
3188.502845   2.102990   1.570796   0.612193
3188.517767   2.100291   1.570796   0.614324
3188.532690   2.097600   1.570796   0.616461
3188.547613   2.094917   1.570796   0.618605
3188.562535   2.092244   1.570796   0.620755
3188.577458   2.089579   1.570796   0.622912
3188.592380   2.086922   1.570796   0.625075
3188.607303   2.084275   1.570796   0.627244
3188.622225   2.081636   1.570796   0.629420
3188.637148   2.079006   1.570796   0.631602
3188.652070   2.076384   1.570796   0.633791
3188.666993   2.073771   1.570796   0.635986
3188.681915   2.071167   1.570796   0.638188
3188.696838   2.068572   1.570796   0.640396
3188.711760   2.065985   1.570796   0.642611
3188.726683   2.063406   1.570796   0.644832
3188.741605   2.060837   1.570796   0.647059
3188.756528   2.058275   1.570796   0.649293
3188.771450   2.055723   1.570796   0.651533
3188.786372   2.053179   1.570796   0.653780
3188.801295   2.050643   1.570796   0.656033
3188.816217   2.048117   1.570796   0.658292
3188.831140   2.045598   1.570796   0.660559
3188.846062   2.043088   1.570796   0.662831
3188.860985   2.040587   1.570796   0.665110
3188.875907   2.038094   1.570796   0.667395
3188.890830   2.035610   1.570796   0.669687
3188.905752   2.033134   1.570796   0.671985
3188.920675   2.030667   1.570796   0.674290
3188.935597   2.028208   1.570796   0.676601
3188.950520   2.025758   1.570796   0.678919
3188.965442   2.023316   1.570796   0.681243
3188.980365   2.020882   1.570796   0.683573
3188.995287   2.018457   1.570796   0.685910
3189.010210   2.016040   1.570796   0.688253
3189.025132   2.013632   1.570796   0.690603
3189.040055   2.011232   1.570796   0.692959
3189.054977   2.008840   1.570796   0.695322
3189.069900   2.006457   1.570796   0.697691
3189.084822   2.004082   1.570796   0.700066
3189.099745   2.001715   1.570796   0.702448
3189.114667   1.999357   1.570796   0.704836
3189.129590   1.997007   1.570796   0.707231
3189.144513   1.994665   1.570796   0.709632
3189.159435   1.992332   1.570796   0.712040
3189.174358   1.990006   1.570796   0.714453
3189.189280   1.987689   1.570796   0.716874
3189.204203   1.985380   1.570796   0.719301
3189.219125   1.983080   1.570796   0.721734
3189.234048   1.980787   1.570796   0.724173
3189.248970   1.978503   1.570796   0.726619
3189.263893   1.976227   1.570796   0.729071
3189.278815   1.973959   1.570796   0.731530
3189.293738   1.971699   1.570796   0.733995
3189.308660   1.969447   1.570796   0.736467
3189.323583   1.967204   1.570796   0.738945
3189.338505   1.964968   1.570796   0.741429
3189.353428   1.962741   1.570796   0.743919
3189.368350   1.960521   1.570796   0.746416
3189.383272   1.958310   1.570796   0.748920
3189.398195   1.956107   1.570796   0.751429
3189.413117   1.953911   1.570796   0.753945
3189.428040   1.951724   1.570796   0.756468
3189.442962   1.949545   1.570796   0.758997
3189.457885   1.947373   1.570796   0.761532
3189.472807   1.945210   1.570796   0.764073
3189.487730   1.943054   1.570796   0.766621
3189.502652   1.940907   1.570796   0.769175
3189.517575   1.938767   1.570796   0.771735
3189.532497   1.936635   1.570796   0.774302
3189.547420   1.934511   1.570796   0.776875
3189.562342   1.932395   1.570796   0.779454
3189.577265   1.930287   1.570796   0.782040
3189.592187   1.928186   1.570796   0.784632
3189.607110   1.926093   1.570796   0.787230
3189.622032   1.924009   1.570796   0.789834
3189.636955   1.921931   1.570796   0.792445
3189.651877   1.919862   1.570796   0.795062
3189.666800   1.917800   1.570796   0.797686
3189.681722   1.915746   1.570796   0.800315
3189.696645   1.913700   1.570796   0.802951
3189.711568   1.911661   1.570796   0.805593
3189.726490   1.909630   1.570796   0.808241
3189.741413   1.907607   1.570796   0.810896
3189.756335   1.905591   1.570796   0.813557
3189.771258   1.903583   1.570796   0.816224
3189.786180   1.901583   1.570796   0.818897
3189.801103   1.899590   1.570796   0.821576
3189.816025   1.897605   1.570796   0.824262
3189.830948   1.895627   1.570796   0.826954
3189.845870   1.893656   1.570796   0.829651
3189.860793   1.891693   1.570796   0.832356
3189.875715   1.889738   1.570796   0.835066
3189.890638   1.887790   1.570796   0.837782
3189.905560   1.885850   1.570796   0.840505
3189.920483   1.883917   1.570796   0.843234
3189.935405   1.881991   1.570796   0.845969
3189.950328   1.880073   1.570796   0.848710
3189.965250   1.878162   1.570796   0.851457
3189.980172   1.876258   1.570796   0.854210
3189.995095   1.874362   1.570796   0.856970
3190.010017   1.872473   1.570796   0.859735
3190.024940   1.870592   1.570796   0.862507
3190.039862   1.868717   1.570796   0.865285
3190.054785   1.866850   1.570796   0.868069
3190.069707   1.864991   1.570796   0.870858
3190.084630   1.863138   1.570796   0.873654
3190.099552   1.861293   1.570796   0.876456
3190.11447